10000
156
322
372
192
376
528
165
374
403
208
333
273
330
435
276
238
333
404
510
107
82
305
173
356
337
479
334
119
175
383
311
119
418
403
417
304
267
397
208
386
483
71
243
434
431
149
490
131
484
498
228
480
57
212
158
108
204
85
544
54
115
271
507
448
121
377
94
448
504
522
205
516
516
297
541
476
524
294
88
438
177
371
233
62
194
243
549
264
413
546
414
401
484
178
109
548
547
209
67
291
329
346
208
301
59
258
512
74
345
490
97
370
295
132
233
87
75
426
211
182
137
125
486
269
104
431
493
369
434
269
472
237
69
312
355
426
279
434
475
363
242
229
309
331
133
313
97
383
57
470
298
264
97
531
273
404
534
387
377
532
510
79
156
420
57
487
453
438
520
119
209
125
420
524
166
382
183
236
503
497
264
56
449
312
418
538
351
88
445
530
419
420
275
289
234
521
70
409
282
392
219
270
154
404
468
451
200
471
101
62
123
196
524
431
282
390
191
179
424
77
241
542
321
53
352
522
501
389
428
505
226
496
53
491
260
448
232
277
68
310
425
129
345
443
141
177
446
266
322
318
303
448
358
200
447
444
412
538
268
98
168
276
434
500
375
254
514
538
529
405
498
476
413
403
225
245
390
479
444
483
299
518
80
384
203
328
320
188
330
155
115
263
378
125
505
398
235
506
508
187
91
318
465
347
132
479
180
273
492
319
529
154
162
77
423
344
77
84
268
215
272
514
353
298
245
75
491
75
448
324
493
118
185
412
104
371
228
216
157
72
189
337
64
520
196
340
324
242
280
430
498
205
76
169
428
60
287
60
342
531
533
239
219
314
132
165
150
394
329
351
146
134
167
435
75
531
52
219
381
444
496
466
73
77
478
369
168
147
373
372
234
300
99
293
485
330
355
145
53
401
280
61
73
228
187
258
414
407
201
386
86
333
452
134
371
155
240
86
73
63
195
148
140
453
313
190
272
199
543
188
540
374
179
503
99
491
379
251
298
473
147
290
233
513
183
148
212
148
274
458
440
91
58
362
308
528
512
140
91
268
271
338
165
400
443
458
431
190
456
457
195
413
132
356
379
336
95
251
224
216
351
270
328
312
57
106
96
399
273
284
454
462
213
392
392
470
235
290
346
107
472
324
489
68
326
324
437
201
485
435
545
68
205
360
542
426
137
268
167
469
523
309
178
477
459
419
352
502
248
447
139
111
247
354
217
525
505
431
86
325
311
270
426
165
200
165
90
504
549
226
541
521
426
394
182
441
251
419
110
224
79
206
141
377
479
330
276
541
184
260
199
484
403
152
67
244
268
401
529
548
357
85
457
548
305
400
522
354
548
181
222
506
248
74
358
219
190
217
96
383
63
384
83
66
294
308
220
412
398
201
443
441
300
76
451
468
497
241
114
377
94
537
236
455
485
251
530
179
453
281
495
377
111
143
125
533
515
429
495
279
314
270
365
391
286
149
270
176
355
402
401
371
275
549
414
435
505
136
333
330
502
175
525
159
427
296
281
307
78
243
370
346
73
89
382
321
157
544
57
142
150
171
371
165
304
290
157
212
324
341
100
228
514
444
148
376
420
517
271
326
301
140
395
79
547
413
196
454
114
171
451
518
134
528
362
393
442
140
357
521
139
381
372
65
236
542
50
371
543
441
395
325
58
387
214
513
272
219
190
229
359
155
241
323
485
230
340
201
506
268
453
218
168
488
443
379
367
115
272
105
169
241
205
342
252
132
167
495
485
303
92
396
205
142
377
53
527
122
418
150
485
343
188
129
81
272
363
507
375
412
222
537
311
122
525
337
520
433
175
302
143
254
376
308
412
249
486
247
525
399
459
271
304
280
404
325
250
204
253
62
64
478
429
363
332
206
127
60
296
68
96
150
548
383
535
98
374
67
544
104
92
146
511
156
462
446
75
281
147
53
161
418
451
232
365
408
514
464
332
515
77
265
395
332
313
167
260
312
201
485
464
413
190
384
299
165
485
125
212
361
498
61
541
119
330
112
438
195
225
465
145
415
500
267
144
66
339
263
54
270
383
161
288
365
64
266
117
536
193
68
233
237
249
438
199
285
486
543
163
241
247
77
481
259
259
527
374
448
372
298
442
215
524
261
236
248
196
81
53
235
423
199
421
268
315
83
243
168
119
312
134
495
428
430
317
399
369
527
160
444
520
314
293
82
523
147
118
426
235
106
431
270
413
379
244
495
440
374
157
241
207
117
252
297
383
454
104
230
507
301
324
500
394
56
122
290
223
353
459
465
153
240
177
135
272
84
127
209
200
391
97
409
306
261
226
180
343
172
275
264
414
197
524
125
353
532
533
529
144
195
138
336
264
244
91
272
525
341
299
222
338
62
348
97
57
56
535
216
364
83
363
193
158
361
267
442
102
346
271
128
185
418
150
525
390
227
454
132
500
527
378
59
318
541
430
307
242
184
253
530
307
143
198
201
61
393
301
318
475
439
187
248
324
418
379
432
197
413
481
191
157
471
467
345
329
365
272
250
298
468
311
249
212
525
361
305
466
296
512
445
476
345
336
299
253
457
179
492
278
57
297
402
116
542
471
291
102
154
241
445
399
431
407
85
448
307
260
183
467
534
438
166
210
351
435
266
332
357
131
525
461
415
68
174
430
517
456
309
143
500
477
390
461
160
129
262
373
315
190
138
187
297
139
541
316
307
392
271
316
370
292
288
541
151
472
495
320
372
537
336
265
236
188
188
226
511
484
505
80
519
245
202
482
523
480
452
331
387
116
373
203
79
370
458
224
197
273
351
259
427
429
549
538
426
209
265
321
389
361
259
86
193
474
321
445
76
202
224
549
502
78
369
180
267
84
529
294
503
74
121
343
395
458
404
459
210
506
286
293
465
173
149
233
548
451
445
429
358
180
422
387
545
474
122
113
59
90
483
410
296
503
272
237
103
150
354
264
399
98
478
166
303
138
142
545
343
61
245
510
328
109
494
427
275
444
369
106
104
472
480
412
387
345
52
247
530
176
525
401
148
460
531
223
207
104
108
294
517
387
148
268
549
158
339
382
342
224
255
493
374
548
107
527
410
91
203
342
252
147
421
90
467
333
188
354
414
289
516
128
195
485
541
243
475
541
213
244
521
105
64
380
271
364
208
90
305
365
220
144
367
385
427
187
347
242
245
291
134
269
423
401
265
227
496
514
137
209
66
319
255
143
52
368
84
198
514
393
124
387
205
343
190
360
92
509
117
169
500
340
256
547
68
522
272
475
536
227
484
503
324
314
352
527
490
136
488
547
278
135
299
280
390
265
58
271
322
486
333
471
386
394
203
239
272
256
483
409
313
402
548
66
478
408
446
131
296
448
480
209
102
345
266
93
312
244
200
115
215
144
332
420
358
362
241
370
60
278
504
281
148
220
148
454
427
83
249
361
501
275
143
489
358
144
171
386
250
75
151
100
424
475
527
360
198
266
417
64
305
346
442
471
273
200
417
206
351
483
376
456
422
392
475
433
499
279
474
122
455
476
381
218
58
226
200
114
473
150
149
108
519
298
173
306
501
500
411
84
250
307
396
474
145
449
340
271
469
397
141
106
479
448
506
371
543
311
169
508
201
140
150
196
543
449
256
515
189
314
425
332
97
380
301
540
313
104
546
83
356
56
504
74
474
71
158
76
178
154
72
445
151
288
424
173
191
163
424
329
384
501
271
524
309
105
323
493
429
365
246
275
73
101
457
151
514
249
543
220
144
398
409
321
404
72
369
127
94
265
97
328
488
209
476
125
162
310
112
258
458
213
465
104
410
174
168
225
256
348
205
370
405
547
528
315
55
358
311
208
516
490
511
525
437
155
138
269
342
301
396
344
327
65
176
277
160
267
274
110
546
176
245
420
333
482
504
248
513
317
60
255
226
379
254
245
219
383
107
382
512
452
207
134
112
311
453
195
429
203
84
440
483
168
109
502
428
78
314
211
205
523
426
291
122
413
240
312
82
432
231
191
72
64
324
368
436
91
177
273
157
444
474
75
280
481
262
374
309
143
494
231
242
166
401
368
535
495
456
235
53
50
197
114
107
261
57
296
72
259
377
324
130
173
495
212
146
311
475
530
212
75
359
519
264
297
306
430
157
311
510
238
109
267
236
536
512
170
72
428
487
190
335
440
473
163
342
208
433
368
270
329
246
542
333
453
221
208
164
323
436
527
244
261
478
395
285
102
505
427
468
211
103
231
208
272
370
121
483
237
191
80
118
259
106
173
366
321
350
510
399
408
204
350
259
441
483
105
501
157
403
182
458
78
169
96
436
403
244
288
545
202
518
169
353
208
296
461
404
95
191
196
516
101
428
482
310
121
299
306
367
84
355
181
467
136
200
515
304
382
269
325
481
437
423
79
366
169
150
296
517
222
401
457
488
371
421
114
119
282
166
498
93
195
533
353
192
112
422
93
143
280
493
141
178
110
341
431
206
115
199
430
342
83
130
269
459
391
358
141
513
311
469
404
324
167
340
109
412
363
240
458
165
89
179
263
286
399
503
373
243
152
276
534
436
361
162
264
129
143
203
236
255
236
400
190
528
440
502
239
415
189
354
214
120
63
507
161
419
467
385
317
183
359
52
183
467
99
393
355
487
498
223
216
498
366
515
72
239
196
361
106
146
459
342
249
488
459
524
468
436
412
478
149
313
391
295
54
538
140
189
183
230
273
469
368
469
381
90
298
259
305
460
494
517
470
261
287
542
395
452
295
88
146
507
358
339
375
414
374
250
70
164
412
356
469
263
188
90
465
371
337
133
331
248
193
369
192
326
341
173
272
236
219
347
476
218
350
215
431
92
331
419
540
346
538
364
122
403
444
159
419
330
224
422
226
72
492
348
63
271
437
477
115
283
97
493
301
140
418
289
376
202
370
118
110
501
374
478
249
273
164
496
220
354
207
500
344
237
92
191
136
523
423
394
204
492
376
408
177
342
521
494
110
333
128
476
394
313
170
352
504
548
172
349
207
169
65
399
115
422
371
407
357
377
52
277
249
123
369
402
233
212
472
217
62
195
497
448
379
378
112
236
89
85
460
85
61
197
109
536
273
373
251
150
93
389
377
237
393
454
65
77
284
125
425
412
237
234
329
290
352
423
433
300
496
170
271
399
218
496
476
229
267
266
342
236
135
415
401
177
67
504
302
442
186
363
61
206
118
490
499
160
253
238
194
289
365
484
173
89
420
278
410
333
209
491
446
300
492
82
412
406
339
292
246
213
383
454
445
178
264
99
509
450
524
112
251
383
309
303
84
431
55
83
451
176
295
387
407
481
299
466
220
67
53
499
86
426
489
342
175
135
193
176
490
311
70
210
513
474
92
399
103
103
147
359
160
210
145
75
371
177
409
420
409
260
81
260
167
195
97
87
416
69
246
78
132
206
306
101
200
407
438
247
180
157
178
509
111
400
301
182
469
548
195
421
203
74
200
495
412
329
430
121
148
544
252
426
377
384
118
459
181
313
196
57
493
414
180
148
145
255
344
185
206
203
369
102
269
404
260
427
412
297
199
120
194
70
543
219
380
337
353
118
320
449
67
471
199
534
124
547
187
545
203
153
113
125
513
169
339
486
64
222
57
242
513
500
496
77
424
326
219
472
271
90
362
232
404
321
506
441
118
53
389
128
262
174
213
225
178
302
148
367
481
107
54
227
272
533
393
462
144
267
343
307
364
530
491
380
453
434
398
180
535
308
201
219
58
201
270
155
96
51
202
514
88
111
298
157
335
266
501
262
435
151
541
422
467
379
530
161
477
310
225
472
473
510
525
461
222
288
140
97
539
197
107
81
311
535
314
278
131
284
347
121
357
244
440
163
240
378
347
306
218
165
481
220
219
174
386
433
239
229
338
239
390
125
187
317
226
248
532
180
229
116
494
64
269
367
141
242
59
271
268
195
61
290
271
529
72
178
65
430
228
209
232
361
465
445
125
70
226
487
336
354
206
283
436
152
138
483
236
101
284
173
539
465
107
381
234
452
369
460
146
266
536
509
202
440
375
370
345
220
183
105
521
535
118
70
363
543
517
229
221
542
251
125
253
308
305
241
383
445
542
475
436
488
161
433
77
81
247
87
511
220
153
263
246
323
541
63
240
271
176
523
356
188
143
61
467
232
348
332
524
362
187
82
548
416
104
490
212
271
68
488
453
412
261
322
201
469
512
274
130
485
63
123
229
310
450
207
112
338
149
316
241
89
201
121
461
387
239
449
87
227
279
77
395
155
308
505
277
360
141
92
364
179
509
107
91
515
84
251
137
78
401
148
298
499
432
319
85
69
379
242
205
540
299
59
190
244
207
200
114
394
347
95
263
71
498
373
351
266
291
309
523
177
127
219
114
415
203
152
121
95
251
280
193
276
321
533
155
259
131
435
193
359
429
364
532
519
135
190
123
338
328
518
441
131
202
185
191
426
245
507
64
295
364
161
530
370
257
456
470
56
515
350
491
321
247
428
358
92
78
543
363
321
249
183
375
210
465
391
185
469
240
219
393
531
402
209
338
122
518
70
85
110
284
231
87
250
192
53
301
133
270
307
368
227
350
459
57
271
97
377
322
480
317
94
425
508
227
67
316
331
539
374
170
449
151
161
274
385
305
198
337
96
124
81
184
447
467
237
405
203
304
100
57
408
223
319
181
142
164
488
136
441
287
71
362
390
423
145
86
330
431
124
422
391
105
386
201
271
245
53
279
253
529
513
399
50
303
444
107
450
310
132
396
63
151
144
330
330
115
278
373
458
69
378
110
123
527
508
243
444
477
56
103
355
141
257
134
407
305
292
367
393
363
84
172
265
302
203
462
64
342
222
81
416
444
86
169
530
73
322
453
122
345
173
340
402
254
463
91
226
533
452
517
483
191
390
314
277
209
113
162
92
330
112
515
543
101
110
146
215
196
120
102
282
336
303
203
269
53
472
120
475
529
257
198
85
193
95
285
436
105
330
422
466
365
516
546
366
216
386
466
404
181
410
248
483
348
343
154
166
399
375
407
222
402
402
482
155
182
74
150
102
53
489
193
393
73
470
100
528
350
405
229
121
413
421
312
267
70
129
447
127
172
109
356
221
63
439
171
251
460
431
458
66
407
305
298
546
225
249
198
363
246
193
419
348
429
466
530
199
51
374
247
349
189
229
127
522
294
97
363
233
332
548
507
79
213
300
96
471
158
408
547
198
540
355
262
262
481
228
242
422
529
205
306
506
338
269
74
69
79
530
73
280
267
463
50
373
492
365
330
210
456
499
288
193
525
408
316
520
443
154
301
513
512
353
319
216
454
225
288
222
423
255
78
316
205
467
215
227
386
176
348
189
484
509
306
544
148
355
388
495
373
139
184
426
308
133
443
323
293
294
539
150
549
123
542
542
90
152
539
229
486
549
184
333
106
213
303
269
183
302
263
463
524
332
127
313
503
296
123
265
102
502
332
104
187
374
514
482
123
365
396
424
455
55
244
423
274
479
325
481
311
437
302
288
302
519
220
83
533
334
289
218
239
142
404
174
380
362
502
212
464
265
457
82
229
293
77
540
382
252
273
496
228
141
304
399
100
351
484
93
449
231
57
517
361
407
445
389
537
235
481
78
149
82
529
272
136
319
413
401
99
330
285
428
227
82
149
123
106
322
473
186
491
215
98
330
258
103
288
230
113
461
299
411
526
409
392
112
522
393
161
492
219
339
225
443
389
381
101
277
179
224
427
469
314
400
99
368
375
244
217
128
507
88
142
272
120
91
418
258
384
64
268
199
343
193
233
281
341
546
424
420
284
453
373
197
122
51
302
169
471
372
309
388
159
210
293
315
289
380
363
537
160
422
327
354
101
53
529
73
213
538
162
198
298
534
512
154
218
343
375
314
511
93
157
152
177
510
386
383
431
437
325
263
213
271
244
223
410
124
370
299
261
349
545
180
457
152
407
410
50
81
433
383
412
547
210
248
188
520
385
400
279
395
281
326
287
210
289
301
472
424
348
79
436
193
472
109
78
436
175
136
71
157
471
501
402
473
96
357
192
410
519
502
270
292
525
195
67
318
84
208
326
225
491
304
126
309
379
322
542
366
377
153
367
366
158
454
331
111
99
363
323
320
527
376
326
84
518
100
286
204
438
330
114
179
187
533
177
290
541
131
246
114
522
353
395
281
109
357
498
290
306
124
367
180
446
229
285
478
101
290
437
450
240
537
395
224
450
283
273
381
106
59
513
301
435
229
248
65
316
335
307
369
431
167
85
331
464
395
230
218
269
399
322
241
308
526
430
329
327
376
526
312
443
460
374
106
127
548
106
507
202
473
177
345
158
269
310
68
489
542
513
230
354
176
191
150
161
353
226
338
96
153
238
218
420
471
181
489
81
266
364
86
382
95
56
76
429
284
352
146
334
448
133
433
71
527
371
275
230
418
525
481
308
528
424
442
210
105
268
100
91
407
519
387
508
519
226
461
420
511
351
402
266
234
246
218
446
389
261
225
180
507
103
248
265
309
421
153
276
77
345
117
220
257
194
311
525
380
100
82
250
460
255
516
406
398
250
136
525
181
387
379
471
159
417
94
488
524
92
362
82
187
385
301
74
282
366
166
280
395
361
539
416
116
335
279
508
77
267
442
252
233
219
397
88
312
250
301
85
444
322
136
152
186
418
219
157
212
314
148
135
141
326
87
393
430
445
544
350
360
260
153
206
59
148
159
485
150
157
163
218
100
465
257
233
223
81
148
382
208
347
97
126
176
100
94
227
59
404
382
444
473
54
266
118
488
369
547
165
459
225
390
128
78
341
64
237
209
227
458
444
421
53
150
399
406
198
495
144
408
393
488
198
78
364
180
52
59
532
146
381
414
457
193
447
465
349
162
479
503
156
417
417
255
313
474
57
433
498
505
176
349
512
316
189
157
154
222
106
402
538
316
500
487
276
108
494
237
535
214
197
454
265
425
179
74
384
173
272
202
548
437
274
219
276
356
263
230
277
271
337
155
511
481
52
113
202
390
90
549
148
319
197
358
359
168
159
63
342
212
220
377
415
111
447
433
128
518
128
166
135
389
497
418
345
261
548
428
160
67
256
427
289
484
505
357
353
131
472
102
272
450
402
376
130
415
456
417
449
172
300
494
527
92
261
460
152
183
128
358
499
486
501
524
419
173
243
51
486
543
118
353
146
198
529
140
350
170
307
395
199
150
102
515
126
124
276
115
394
52
419
279
460
391
392
59
316
427
375
124
456
186
424
396
398
514
286
82
320
198
381
203
238
68
401
135
59
143
410
346
253
338
509
328
127
512
242
93
153
516
533
170
275
547
164
496
418
398
493
98
189
211
519
453
87
105
465
496
481
352
392
316
438
273
269
212
297
324
209
120
85
277
493
83
221
277
356
306
476
418
234
226
293
379
259
368
177
408
362
92
182
249
155
304
353
130
420
91
299
306
418
444
352
349
441
226
107
128
387
195
423
148
176
485
216
426
50
57
356
419
57
160
142
237
72
272
326
513
400
108
507
384
184
333
523
349
193
491
73
209
485
91
534
381
353
366
268
241
549
450
510
540
450
302
549
265
533
438
497
441
256
112
468
124
465
404
271
395
436
318
131
462
302
443
159
310
395
453
496
114
489
350
265
507
211
60
71
311
313
194
394
280
420
445
68
319
291
474
502
494
428
506
81
484
532
453
283
84
388
173
487
431
335
538
356
185
347
398
284
318
154
254
531
202
317
381
358
112
178
232
533
423
319
71
508
153
469
317
452
141
56
427
325
60
306
347
183
68
203
388
68
312
520
314
340
172
299
460
443
216
163
185
275
335
94
342
306
434
379
498
372
545
545
127
152
217
495
520
249
100
308
77
535
166
323
540
104
525
313
425
392
319
353
161
431
407
394
504
533
321
81
264
486
353
234
306
277
321
423
428
465
69
110
389
471
255
119
347
355
269
147
270
525
340
266
82
313
314
457
99
526
474
374
366
435
67
484
281
360
532
522
505
514
151
367
401
310
301
329
392
460
449
68
105
451
455
314
475
143
66
176
370
460
206
96
301
201
84
196
503
436
206
350
349
266
385
232
460
195
235
259
134
315
315
283
160
458
439
92
436
492
159
414
75
330
89
178
211
223
140
192
185
297
100
237
291
443
378
464
64
202
165
303
459
368
451
388
164
280
316
91
200
428
67
118
249
336
191
273
208
301
147
223
149
57
113
412
424
304
130
189
101
136
536
464
426
539
182
348
138
177
436
318
361
233
416
103
169
89
481
348
453
372
447
71
188
212
151
305
133
450
332
85
148
68
431
144
501
218
206
298
378
54
63
225
56
480
381
301
234
271
428
519
442
502
269
506
506
196
485
80
429
203
196
192
426
512
335
142
398
510
252
205
318
503
519
269
389
214
543
383
98
164
108
455
490
408
90
536
456
368
373
109
422
247
362
379
494
332
442
340
89
208
318
349
531
511
264
468
510
537
447
398
72
404
529
55
212
427
149
185
51
215
213
446
76
376
467
455
178
198
240
72
274
410
247
253
155
174
386
109
76
247
329
519
509
418
373
262
413
435
101
104
433
81
187
364
351
226
145
151
207
238
363
123
498
200
546
152
116
102
489
210
385
515
209
500
129
514
145
482
263
416
240
80
472
375
175
354
388
326
265
465
312
70
300
507
96
546
374
59
66
217
218
491
129
82
126
370
204
425
417
400
420
175
535
415
345
465
514
413
472
185
121
252
119
265
142
161
65
357
279
200
219
301
70
522
469
120
264
324
523
400
341
72
257
357
190
174
362
290
325
286
194
294
65
138
200
286
217
339
244
441
393
215
88
75
444
508
511
514
294
220
118
495
457
368
373
410
336
271
333
273
270
307
386
90
297
131
465
466
139
516
355
113
371
463
270
364
213
457
126
183
489
139
333
488
344
341
410
468
488
242
155
330
321
364
212
208
374
149
116
496
200
266
514
532
98
55
140
180
456
199
445
435
156
523
222
315
192
492
79
374
416
103
496
464
171
261
420
322
314
187
444
388
403
462
260
237
477
325
285
368
181
141
392
319
127
292
255
427
529
391
430
163
423
538
326
68
289
110
59
52
223
442
401
474
367
125
337
466
369
176
72
503
74
90
522
386
460
237
463
412
392
476
290
540
460
206
349
151
322
415
294
300
523
538
397
445
192
331
313
359
157
168
490
348
529
404
216
334
92
86
81
296
175
385
396
404
75
255
224
409
224
54
324
272
154
221
283
454
375
274
530
163
458
231
378
542
425
118
483
481
317
352
250
251
368
429
175
379
505
56
333
274
76
380
400
492
494
300
303
539
455
277
210
81
71
153
438
277
215
270
289
458
74
370
474
300
243
108
345
486
503
520
260
90
537
233
272
483
445
200
262
223
469
210
341
273
430
374
303
398
510
240
390
105
417
520
444
225
187
444
319
248
262
486
223
282
258
547
244
51
208
89
69
519
210
423
123
301
104
214
351
199
173
467
235
479
457
536
55
317
74
105
270
133
132
298
358
176
473
374
265
390
149
549
370
109
96
495
488
470
520
193
132
108
334
457
139
430
155
472
177
479
424
495
516
193
76
187
361
411
108
530
483
457
108
356
166
521
288
157
176
185
291
490
352
514
361
336
124
138
528
475
186
422
368
425
61
352
545
81
244
493
412
378
510
205
368
419
119
223
543
224
492
52
247
322
452
447
285
254
446
78
426
385
50
271
298
411
77
108
413
134
392
478
80
488
263
157
508
63
56
100
266
274
148
144
203
500
163
149
379
310
357
237
529
278
464
71
143
347
175
57
530
239
255
157
246
139
347
240
54
143
149
526
276
421
110
388
331
364
76
306
79
529
121
149
282
227
142
265
418
453
125
232
289
405
81
263
432
221
445
71
449
511
230
500
478
440
328
177
302
378
333
51
66
286
458
185
282
125
506
465
459
327
183
195
524
100
243
516
279
221
64
334
490
362
440
123
274
488
317
371
376
171
376
325
70
349
333
423
443
509
127
515
536
439
505
107
174
255
353
383
537
390
266
250
196
237
452
72
59
471
493
169
136
389
127
184
425
65
351
50
145
454
113
311
313
128
508
441
327
368
471
194
249
139
218
261
407
441
232
522
94
250
91
263
248
115
214
536
140
90
64
86
519
122
301
238
81
330
473
231
290
364
509
191
479
360
427
96
300
513
413
61
405
92
195
283
103
529
252
219
375
90
505
170
312
189
157
410
481
242
279
157
259
414
166
303
465
254
436
402
77
337
518
241
287
340
382
461
311
159
378
211
544
189
214
451
167
342
185
176
419
130
289
53
516
430
212
146
77
335
405
537
147
241
233
332
472
405
369
326
386
549
177
511
256
482
344
133
400
150
79
546
84
453
191
97
158
260
261
379
287
305
103
534
156
372
72
532
210
409
400
83
469
225
469
222
133
498
279
311
253
339
193
401
325
377
391
547
504
478
63
167
203
144
308
145
159
389
140
415
255
386
477
248
95
304
55
199
191
93
481
544
413
330
424
418
413
484
306
130
476
468
413
258
362
324
196
199
189
251
414
176
142
53
461
496
75
194
296
422
52
238
68
282
254
151
535
252
476
224
106
450
237
389
209
414
453
338
374
545
84
264
151
499
290
222
79
166
309
420
507
530
357
283
270
378
388
334
93
322
288
424
253
471
326
282
369
541
121
546
317
53
483
378
426
279
378
78
72
371
259
518
63
135
149
222
70
457
352
349
214
430
282
118
268
160
147
378
365
292
150
328
429
71
347
486
414
189
541
393
65
131
359
344
391
479
545
374
516
237
125
169
544
540
418
524
164
50
62
338
174
537
470
416
452
335
161
288
298
421
286
415
67
450
516
353
92
208
302
183
261
517
365
361
343
198
128
160
443
251
317
175
518
244
345
345
203
157
257
225
409
71
503
310
356
92
307
403
240
315
345
398
132
531
52
456
330
392
527
542
373
150
472
228
408
58
503
467
430
527
77
487
421
165
83
57
149
547
165
426
278
219
225
327
256
522
401
531
192
120
101
181
414
401
108
434
384
110
512
219
488
342
232
521
230
227
123
290
299
287
237
474
535
85
262
92
199
197
79
191
206
284
138
523
410
113
245
351
126
84
294
338
431
243
463
536
505
296
532
514
96
197
346
265
389
339
337
542
357
182
537
291
239
154
514
495
213
231
114
135
55
245
387
75
467
373
137
533
467
287
180
454
302
79
309
120
260
127
319
58
83
492
308
168
60
149
447
140
99
103
544
374
85
112
65
259
524
536
58
389
407
270
280
445
376
119
203
427
328
448
379
164
364
398
478
505
158
188
51
314
270
359
532
511
120
70
157
193
431
174
190
100
110
383
393
101
353
217
493
425
149
152
164
175
188
307
345
128
516
426
230
233
318
384
159
385
164
403
378
144
458
108
211
383
54
186
66
211
226
391
382
397
113
529
193
486
447
382
469
308
507
242
244
104
499
542
246
312
375
340
309
397
423
430
57
151
517
282
357
330
145
281
287
391
242
495
340
101
112
285
401
458
172
361
239
329
347
530
443
548
197
341
496
510
468
405
440
69
337
54
445
202
498
278
349
508
530
177
391
215
149
423
452
130
324
50
392
193
365
74
462
154
356
384
514
200
188
513
462
429
96
163
379
298
293
494
514
520
463
57
130
275
495
448
292
260
87
377
191
221
245
219
525
238
450
497
139
147
92
185
373
524
512
424
477
134
206
65
406
395
365
453
152
71
485
546
142
462
199
494
162
70
108
103
357
157
181
532
417
498
299
448
542
130
485
254
423
359
56
184
180
97
404
422
220
201
51
449
485
230
445
80
214
512
220
312
371
395
329
256
223
242
197
132
93
312
108
404
353
517
395
257
234
431
232
462
297
105
294
407
66
251
236
274
519
268
117
76
275
61
363
380
473
276
363
133
228
487
74
334
402
225
492
430
406
244
212
146
230
336
76
138
376
377
538
469
348
483
98
479
316
489
531
167
456
412
259
462
432
515
533
88
91
320
360
499
58
311
118
441
99
472
111
430
347
108
499
170
163
69
318
372
398
314
282
122
263
365
217
334
158
289
317
411
344
52
284
547
520
185
328
538
155
374
111
260
77
287
156
410
313
88
117
527
384
403
376
126
370
88
382
205
245
97
110
152
322
167
438
453
154
307
392
417
348
430
108
155
182
252
118
346
156
336
145
191
419
70
167
254
137
436
469
74
365
467
316
106
62
259
438
397
378
456
218
163
82
217
417
373
296
124
222
391
135
300
364
394
74
450
320
306
78
213
291
114
228
518
231
222
74
278
183
125
309
120
349
538
494
445
295
147
215
448
535
179
492
458
266
90
297
491
129
223
106
233
433
302
253
293
332
196
265
343
480
249
51
80
340
437
129
298
191
488
509
536
345
174
443
454
375
89
497
322
338
383
467
397
489
191
517
130
137
240
278
338
539
430
105
259
275
445
364
261
83
441
442
387
205
462
548
319
335
433
119
92
290
131
370
429
371
515
80
403
549
339
272
480
335
426
497
485
302
444
389
255
190
491
195
220
306
494
307
517
479
192
417
324
50
123
542
268
364
399
142
147
126
58
302
523
459
196
486
304
194
93
455
471
264
235
488
233
337
534
411
241
498
432
410
230
485
467
98
162
292
454
69
205
487
414
371
427
101
153
503
533
233
317
497
503
238
481
69
314
411
363
122
404
493
443
55
393
204
340
409
541
219
177
99
471
232
509
401
298
321
299
296
83
226
493
434
81
284
294
70
182
207
88
387
72
529
350
538
467
321
473
153
141
274
147
173
501
448
360
520
289
531
427
495
199
462
384
54
311
149
484
311
172
306
153
444
505
322
319
488
471
490
103
333
528
261
543
86
512
223
446
390
220
94
83
72
529
147
502
237
163
501
115
115
263
498
467
282
396
155
206
499
354
297
518
350
419
229
220
431
77
289
183
212
512
506
323
60
482
469
405
355
311
493
546
397
318
393
382
477
70
357
314
277
542
239
278
174
351
544
175
440
327
230
98
78
204
426
151
459
121
245
311
210
326
172
506
248
489
246
191
342
371
204
107
104
375
219
91
167
462
379
368
170
286
401
313
405
240
491
496
434
530
450
54
301
388
468
206
212
482
148
185
297
269
277
444
502
414
93
500
304
501
233
472
263
293
112
93
336
318
317
535
366
309
316
264
469
478
481
383
513
242
73
450
549
231
262
157
222
192
351
545
391
349
471
98
224
118
226
137
522
198
94
218
526
322
351
278
205
421
361
316
469
518
166
371
277
317
501
143
300
450
433
398
196
494
284
343
431
475
517
91
250
443
273
502
184
146
457
283
501
490
315
388
342
88
499
438
390
452
128
131
540
51
393
429
336
85
92
262
439
327
463
495
462
303
434
474
438
381
105
445
340
439
448
459
327
438
66
436
397
419
520
68
436
134
161
201
482
172
237
418
357
329
331
76
232
338
57
420
327
75
172
386
372
376
102
362
186
548
159
56
99
494
199
347
326
312
251
280
77
435
496
354
493
124
175
518
238
292
451
210
458
110
513
300
476
467
251
427
295
147
395
259
415
409
455
207
183
211
465
64
152
457
506
231
321
525
506
427
531
469
115
489
150
387
259
404
307
282
291
331
443
127
153
68
543
268
238
277
218
507
437
544
465
163
185
274
129
355
379
187
473
516
241
489
221
385
484
78
81
67
304
173
406
431
298
402
332
108
115
345
138
204
143
315
270
240
111
445
214
405
359
250
289
186
491
200
75
57
185
431
395
71
186
498
172
239
209
369
100
429
427
95
345
450
103
506
170
321
406
95
162
288
447
183
367
147
478
235
219
211
330
276
50
156
330
189
344
423
225
137
270
70
164
226
483
62
139
457
496
370
548
250
216
538
542
406
292
144
148
465
343
179
291
536
483
492
375
456
275
545
302
134
423
521
318
477
154
94
413
540
417
79
183
531
510
272
139
298
425
312
140
239
420
450
188
522
249
72
401
134
363
521
308
524
394
272
460
161
419
194
162
238
489
476
98
499
93
76
359
489
325
191
144
156
334
482
408
316
438
274
89
113
335
143
341
359
142
409
451
345
533
217
211
281
537
504
504
286
490
246
56
354
308
441
481
520
190
250
297
483
269
208
156
121
267
258
369
428
541
237
471
88
440
432
301
478
73
366
152
487
241
213
487
445
157
354
292
338
413
271
443
185
168
171
138
437
233
273
70
297
71
256
150
441
56
158
356
221
421
117
139
533
406
183
240
490
419
64
513
379
258
549
451
257
270
357
487
272
245
315
241
127
515
417
347
364
490
483
57
104
159
515
85
162
520
535
382
378
440
262
545
377
287
211
233
140
489
262
368
541
397
501
247
415
519
55
497
543
514
286
222
370
132
145
283
146
229
283
439
450
512
126
236
356
428
280
197
216
133
519
116
253
353
207
117
425
143
213
289
241
164
247
309
353
151
302
502
317
112
365
295
60
435
81
175
484
468
329
362
238
134
177
407
298
357
113
400
186
349
75
56
369
492
443
370
250
458
180
85
346
149
92
255
280
104
311
200
234
322
448
284
204
192
286
53
417
86
121
51
505
115
148
207
281
535
396
257
152
248
78
356
461
527
402
322
176
489
546
336
536
353
238
289
471
467
224
160
359
222
269
480
119
532
405
544
171
176
304
378
468
132
427
387
534
327
476
389
401
528
247
469
486
150
391
116
472
476
482
319
324
384
305
331
173
400
70
234
93
342
456
373
349
353
537
77
140
72
476
511
217
505
102
293
269
464
531
166
222
53
60
157
469
365
453
250
339
141
518
520
544
132
450
416
331
472
174
357
163
290
89
348
186
416
539
382
373
143
528
206
466
180
427
65
306
165
460
54
118
343
330
112
228
73
353
493
126
294
295
224
504
235
88
151
332
419
94
57
473
373
464
394
304
104
480
340
328
167
490
505
224
407
190
379
367
81
334
276
424
243
69
429
283
329
330
523
497
120
350
512
481
499
80
288
318
95
383
451
219
191
338
81
218
310
502
358
279
500
413
158
411
353
489
397
225
67
194
282
167
167
393
296
327
288
540
185
261
211
408
345
161
341
181
378
78
80
342
485
173
302
311
423
473
154
180
102
269
489
463
231
218
85
56
468
176
439
314
274
294
254
311
265
223
112
470
171
327
244
527
135
304
433
77
54
112
321
365
276
456
211
462
251
227
70
62
86
184
518
442
82
348
217
307
145
383
144
204
140
210
66
267
293
55
300
106
503
138
113
82
230
444
470
266
461
508
118
131
258
394
251
170
68
341
425
144
99
88
475
427
288
190
528
105
185
71
383
62
99
365
452
468
328
355
247
59
158
184
149
262
356
440
501
200
341
267
184
496
475
454
251
500
298
462
445
199
262
400
244
368
155
172
457
446
479
373
137
80
176
501
268
131
225
471
182
344
184
445
131
403
512
539
349
77
203
122
440
183
205
548
276
294
76
228
270
89
461
541
524
280
480
131
165
267
362
215
333
374
208
447
336
133
332
537
507
447
387
120
366
196
538
317
131
202
367
472
453
358
487
310
237
346
403
76
73
156
475
320
225
458
312
323
483
474
79
238
475
145
254
207
527
505
192
239
354
438
259
106
146
489
538
276
346
152
60
267
532
340
282
536
388
342
450
144
289
237
436
88
354
514
131
429
490
353
82
502
382
263
319
393
62
233
429
381
182
342
409
375
365
109
302
206
267
116
310
320
384
200
402
421
419
281
368
505
223
302
500
548
386
213
202
272
258
483
369
155
91
477
156
387
192
117
213
354
172
141
352
302
329
337
51
278
454
158
471
246
308
322
283
525
114
217
130
525
341
391
228
515
140
481
325
62
148
301
416
320
244
428
509
345
54
160
496
498
389
306
507
317
230
386
282
179
184
129
259
504
484
226
547
450
314
324
376
224
123
120
210
268
515
499
179
254
541
403
492
104
125
150
254
82
190
303
94
332
524
331
463
137
123
290
150
292
274
323
176
352
134
490
227
354
492
222
332
148
298
139
254
257
202
510
510
203
238
386
362
213
449
80
474
261
451
187
430
225
284
73
280
209
291
310
549
255
412
243
498
84
138
437
515
171
296
513
263
375
187
474
418
256
246
342
183
265
447
437
285
517
52
50
53
474
412
436
177
344
370
242
210
403
267
208
518
312
310
345
211
250
153
370
228
93
232
207
213
82
194
177
50
67
239
204
329
114
268
455
501
321
477
320
145
272
428
394
183
155
113
125
350
218
374
541
309
206
336
457
479
173
447
181
366
365
406
245
354
303
91
518
321
428
448
295
194
357
319
180
311
171
486
414
447
460
241
159
392
167
503
375
505
156
475
422
532
260
112
310
205
144
325
475
317
231
272
57
257
260
385
467
268
89
524
115
417
245
479
309
455
531
373
416
203
108
328
368
99
202
154
226
435
87
195
79
548
257
464
362
542
294
154
297
407
487
518
372
95
56
213
287
471
383
514
340
489
513
185
102
324
265
124
211
248
357
147
68
67
385
198
183
538
537
191
472
527
157
260
225
174
112
125
294
371
509
277
120
365
418
290
260
247
346
64
101
527
476
543
63
174
314
264
245
217
501
220
243
217
502
171
409
457
523
54
335
124
376
75
173
238
513
539
351
125
306
503
192
322
167
143
189
74
515
485
393
333
480
295
341
536
62
518
292
146
176
502
509
165
437
349
544
528
305
487
528
190
310
182
206
191
274
405
277
182
182
366
492
400
81
64
413
120
526
251
402
476
411
459
357
104
361
486
470
251
461
449
464
331
383
544
351
199
150
434
357
488
187
231
366
364
202
277
419
361
234
352
465
458
417
372
536
328
266
453
364
444
74
256
166
187
471
549
448
343
481
359
544
321
150
99
319
405
374
185
517
433
391
338
194
191
76
351
258
297
454
312
498
51
308
460
497
350
346
539
93
226
495
390
188
347
263
147
251
294
312
487
517
356
153
452
460
115
106
311
391
445
213
172
349
231
528
409
384
401
60
303
126
89
170
512
482
482
168
165
310
455
156
231
83
512
277
403
167
471
140
201
425
501
477
197
328
85
111
494
480
176
308
314
311
431
531
159
408
230
251
282
256
189
310
488
157
257
171
146
201
472
357
363
191
372
275
391
167
81
397
385
79
137
429
418
526
248
369
257
508
415
144
94
490
93
415
508
286
304
233
135
366
408
521
515
248
63
547
421
325
390
159
488
192
273
536
451
336
322
215
540
260
162
54
547
547
214
495
72
167
344
442
172
549
132
401
504
451
340
444
446
231
109
483
473
336
145
248
388
301
370
55
81
443
190
320
435
143
211
410
458
63
219
352
281
481
167
430
112
127
272
529
319
294
76
523
501
527
216
107
445
209
368
322
434
113
78
100
169
423
211
101
152
415
464
418
417
67
549
107
471
83
134
153
109
334
138
123
284
132
74
358
137
111
251
347
382
300
117
372
227
512
396
106
200
354
458
211
165
349
233
463
148
419
106
324
269
499
104
228
308
469
116
204
286
312
512
178
448
414
85
112
480
368
450
239
527
485
147
346
440
214
329
58
480
401
155
140
438
318
410
433
198
528
142
204
299
252
479
442
527
143
307
428
364
91
243
398
283
479
289
354
291
380
205
490
410
74
407
284
94
503
408
202
170
89
314
168
173
371
386
192
239
67
85
291
512
58
494
285
350
434
174
242
530
240
177
168
354
215
439
401
337
76
116
91
543
243
527
115
133
487
299
248
229
115
80
103
361
541
118
525
432
53
202
429
224
191
433
354
259
424
320
269
288
429
263
256
390
208
345
277
145
100
299
472
327
371
50
104
120
473
245
440
225
529
354
167
410
178
199
422
502
299
143
82
542
545
134
431
72
284
292
196
253
527
228
145
101
438
534
53
452
79
137
445
239
203
147
406
148
325
213
364
479
244
546
324
418
470
113
488
207
510
330
346
363
383
419
415
128
248
170
379
548
513
126
506
204
170
351
258
521
113
351
418
262
416
171
131
300
313
322
251
429
207
356
378
473
480
391
156
201
197
429
387
196
206
478
305
209
258
237
96
132
440
385
378
139
382
277
282
458
136
153
338
221
141
306
277
100
420
365
83
269
328
57
458
339
132
379
452
98
67
255
251
95
75
291
467
424
243
263
255
137
70
215
533
76
395
304
337
287
544
295
402
454
329
489
354
185
122
326
410
248
306
423
377
504
245
541
410
342
404
503
178
535
436
175
473
69
414
322
507
147
376
183
65
128
506
549
211
414
505
108
412
50
424
466
215
178
441
156
442
346
323
87
333
68
89
323
414
377
155
538
125
148
289
308
82
150
147
239
494
127
402
138
271
532
480
62
357
148
228
475
172
388
463
389
115
446
151
473
170
144
126
425
160
247
267
529
360
88
57
179
106
225
542
357
286
264
284
63
421
283
200
277
109
375
242
428
317
234
326
226
395
263
530
449
178
57
433
240
515
400
249
456
501
263
519
219
257
103
549
263
70
499
226
537
343
105
232
140
211
423
250
288
479
353
509
238
299
514
354
236
91
490
534
156
505
201
205
409
130
108
284
90
259
526
482
420
316
55
500
108
271
89
152
114
267
92
374
500
318
503
160
434
539
352
331
67
186
162
320
360
166
336
177
323
276
60
174
168
195
491
305
58
163
259
332
208
332
324
224
545
348
229
549
53
208
306
280
404
155
293
309
372
473
508
426
426
231
257
371
160
452
239
465
364
320
213
434
193
241
322
446
537
160
549
62
266
401
402
97
370
51
342
211
58
99
518
308
60
65
89
177
543
456
479
472
369
116
58
193
440
358
157
61
466
342
482
318
541
477
98
544
443
351
303
500
214
72
403
371
235
287
181
181
192
473
95
533
399
200
511
477
235
447
451
539
333
121
447
365
520
60
287
325
437
330
478
160
83
223
137
503
147
468
400
219
416
363
157
140
188
422
493
264
365
71
176
238
223
235
338
225
289
166
235
280
110
283
158
90
354
482
187
82
236
51
367
449
440
495
339
509
295
448
450
125
543
326
474
405
224
479
446
431
282
187
245
237
230
363
162
453
297
450
232
136
223
107
301
53
522
369
117
542
183
133
395
142
373
378
437
437
462
84
116
379
184
240
489
149
335
508
532
295
360
252
512
77
307
351
425
199
384
444
258
517
236
361
526
93
392
117
331
466
502
159
371
325
133
267
217
541
284
419
288
263
191
457
158
62
491
284
442
448
308
85
205
472
254
152
58
482
345
57
290
503
184
238
124
244
483
166
545
160
366
320
510
257
72
444
466
162
481
390
114
303
460
154
204
485
114
54
402
212
532
94
421
183
285
500
77
144
536
97
154
242
257
264
178
549
426
291
413
299
64
178
460
542
361
504
501
413
379
222
257
505
373
456
538
325
287
479
441
484
468
379
296
81
220
432
97
390
63
66
515
366
66
504
429
74
454
210
292
332
166
400
115
289
536
91
495
529
465
215
97
350
131
395
110
126
135
428
494
247
263
95
233
527
230
454
546
184
92
522
85
533
279
100
469
268
353
75
515
500
123
381
291
359
548
429
92
232
260
392
509
543
217
509
426
161
465
148
543
355
60
526
520
156
110
269
90
58
514
150
161
534
409
354
150
96
261
355
170
469
496
475
129
93
393
380
232
506
381
66
100
221
308
83
349
430
196
450
540
159
175
375
491
168
182
104
286
479
370
499
126
509
498
373
403
67
138
401
411
438
504
449
402
87
276
513
100
322
139
402
433
198
387
456
409
455
195
127
86
314
306
242
218
477
460
230
410
301
404
535
374
392
263
395
243
471
234
528
285
510
80
127
443
103
524
353
227
212
308
535
194
368
282
351
282
463
184
421
85
305
174
81
513
64
372
311
71
528
356
143
424
361
430
278
486
129
331
123
398
331
300
279
530
183
208
239
343
504
139
390
345
473
90
75
55
383
239
218
99
143
308
286
242
64
114
245
194
289
253
537
359
279
471
90
496
74
472
206
56
461
103
403
140
394
317
472
110
275
500
381
478
63
436
336
489
167
147
410
474
529
549
419
95
207
300
96
495
369
342
485
493
61
546
56
140
509
261
59
399
524
86
404
270
434
438
55
180
253
330
398
480
265
384
388
207
355
473
450
435
198
74
337
250
387
470
479
388
478
147
188
392
292
462
503
409
345
141
239
193
181
199
192
519
240
536
284
233
146
75
302
239
437
218
82
324
281
199
179
496
257
471
71
160
425
533
327
232
275
302
446
489
117
409
332
365
110
168
486
152
232
381
527
165
305
341
365
80
165
66
260
135
407
466
266
304
446
448
391
102
503
361
317
235
245
164
298
520
160
382
549
134
109
275
62
396
64
302
426
57
260
311
274
498
148
146
459
232
198
82
159
378
125
460
363
70
366
288
249
302
189
313
302
453
230
404
481
523
462
219
75
483
170
181
467
157
236
149
231
470
362
388
124
439
368
139
225
113
204
104
368
202
374
65
133
204
448
357
313
334
243
288
499
111
149
86
134
161
227
72
259
383
159
370
250
360
422
489
335
145
94
439
145
267
320
399
171
133
326
312
239
108
126
150
425
111
171
243
79
497
284
79
537
306
188
408
475
93
277
459
429
234
342
341
198
207
486
280
218
391
106
442
223
317
513
411
82
210
408
167
151
351
484
473
468
350
456
264
426
280
112
474
388
421
