10000
178 181
141 216
123 87
120 111
236 80
34 218
132 189
47 241
134 72
183 132
243 171
185 207
60 245
116 102
54 36
135 76
138 95
234 134
132 32
139 155
40 120
61 45
11 200
232 123
126 162
162 87
32 186
153 178
191 104
167 144
216 96
150 52
78 107
229 231
222 151
229 88
23 83
222 179
81 31
153 190
212 178
101 243
156 46
37 217
217 206
145 207
131 166
186 146
117 182
23 227
225 217
170 239
126 137
14 211
216 134
169 175
225 14
218 80
73 107
144 185
198 83
20 241
204 133
93 104
145 187
229 229
86 152
111 214
160 194
152 126
88 207
239 112
217 14
198 120
155 75
226 139
51 33
15 246
199 145
233 140
199 45
56 76
167 212
166 229
34 86
85 24
153 69
241 213
96 154
53 152
91 122
45 112
129 172
25 77
52 167
80 238
10 151
45 229
87 245
185 88
47 199
20 212
67 111
19 158
126 218
95 50
193 105
12 30
88 158
120 18
54 117
180 177
167 212
60 18
41 187
171 139
222 24
137 235
41 63
181 224
30 121
114 210
229 148
29 79
187 198
113 147
88 11
40 109
247 181
201 139
145 202
165 248
65 212
235 149
173 53
37 136
91 215
14 191
127 138
123 188
195 132
67 62
83 103
125 62
88 243
147 215
239 142
132 106
121 84
247 167
53 20
232 202
212 162
214 240
18 35
153 241
14 217
223 120
197 39
191 46
64 40
231 99
31 199
32 19
149 13
61 39
98 99
87 91
105 171
103 174
153 47
60 189
120 182
89 135
147 34
164 18
94 155
46 87
46 151
15 140
127 248
84 115
116 193
242 109
174 222
215 132
95 41
224 133
124 26
193 204
199 220
132 100
128 118
81 24
231 70
18 219
62 81
66 109
208 237
153 80
73 217
137 185
159 27
176 70
174 242
62 83
163 218
154 137
223 208
185 192
228 98
40 87
163 197
113 116
115 169
222 157
206 222
218 97
86 17
105 115
154 46
186 122
68 134
168 87
153 230
27 146
191 178
167 204
136 87
57 201
99 10
95 169
166 227
77 201
213 47
94 80
82 123
242 140
138 150
205 30
149 168
119 239
92 27
155 198
250 132
229 104
42 162
120 45
12 236
59 40
27 188
123 148
86 235
241 128
194 66
60 66
68 174
101 141
24 184
25 32
114 22
23 50
32 105
176 173
147 95
126 92
154 146
80 21
47 68
188 235
47 21
105 198
220 207
95 76
44 232
190 92
94 176
216 150
148 98
110 53
135 241
26 26
26 140
154 189
108 66
211 149
85 195
80 53
167 224
107 154
240 133
77 69
134 118
83 122
93 95
42 237
56 245
212 150
225 42
209 217
203 64
126 226
35 14
67 65
93 135
209 217
98 222
144 35
150 145
92 169
234 32
159 121
175 137
44 59
104 191
151 203
157 183
227 88
146 20
195 151
163 163
210 128
235 56
65 17
79 129
14 60
234 146
47 250
203 112
150 120
208 130
141 125
47 246
158 151
225 229
78 231
232 69
73 75
130 245
21 182
122 190
15 172
183 178
143 236
27 139
22 61
142 201
159 190
245 124
202 34
145 115
231 18
58 242
87 173
98 144
35 195
178 195
150 186
22 43
81 184
98 121
152 74
157 227
244 69
189 19
204 91
126 150
126 32
119 212
135 65
223 211
240 42
40 114
239 180
114 37
201 63
33 173
69 224
184 91
172 80
150 25
238 133
123 61
25 59
46 248
223 21
29 196
86 63
121 233
119 246
109 110
128 89
175 76
210 237
44 150
204 43
156 64
79 107
127 190
205 197
136 136
38 219
209 26
135 101
151 96
235 28
203 145
232 80
78 158
107 43
218 155
110 154
108 215
84 151
97 49
171 247
245 76
240 13
100 242
146 225
125 139
68 102
145 67
193 184
114 116
75 49
168 116
33 109
246 13
55 81
179 207
219 100
193 17
160 138
14 222
30 125
62 242
24 206
57 234
36 180
249 48
93 235
95 246
130 205
244 205
187 99
78 202
143 40
64 20
212 126
127 152
231 233
100 100
213 100
92 53
83 213
234 72
18 223
47 44
246 238
134 204
185 46
119 72
27 20
158 210
248 104
199 115
63 18
160 233
250 78
83 29
59 181
39 138
234 30
133 12
250 159
206 218
10 71
208 87
105 169
186 55
34 25
214 80
220 75
145 201
64 238
179 80
213 142
143 232
29 163
33 236
57 43
242 155
175 93
221 183
242 21
182 223
53 219
46 93
212 133
220 175
215 176
206 206
100 55
17 202
182 119
146 211
64 135
232 39
164 250
24 12
146 54
250 88
164 133
195 87
23 249
198 199
21 185
198 51
116 42
30 84
164 162
88 171
246 174
162 14
64 242
230 185
233 54
138 202
174 120
146 235
84 168
160 47
106 87
209 59
220 83
235 11
131 39
40 169
37 22
35 35
63 248
109 238
200 156
192 190
34 51
165 67
76 75
190 177
62 220
116 67
106 218
56 149
62 73
107 176
217 42
27 53
235 226
128 91
215 10
226 147
173 192
174 196
21 101
125 88
56 70
86 187
175 92
72 196
12 60
116 12
64 240
168 121
72 245
123 183
156 76
187 29
39 160
154 16
222 188
137 61
23 216
200 17
244 113
96 236
161 143
111 193
156 214
20 112
169 103
85 187
80 203
223 101
108 52
100 229
24 128
115 77
107 249
119 116
39 112
229 207
181 178
119 138
169 30
236 239
97 10
166 148
247 121
54 60
70 172
44 133
18 204
61 77
174 180
203 157
208 183
68 40
125 42
23 80
190 82
155 24
207 178
210 33
176 97
201 59
74 39
146 157
138 138
63 244
206 77
125 178
232 125
137 56
245 23
172 186
72 226
139 126
236 228
86 146
110 110
23 90
23 88
220 227
113 228
143 64
56 50
203 243
155 179
147 88
14 21
207 188
246 36
30 157
46 86
223 197
52 224
177 72
207 139
99 30
73 221
148 225
95 100
87 15
198 118
98 32
59 215
94 47
70 83
196 196
156 177
80 238
19 200
130 98
224 139
197 185
215 195
187 248
194 44
250 227
170 47
221 17
45 202
81 22
38 96
188 212
103 105
72 74
66 19
116 122
13 250
51 209
157 204
109 217
201 21
70 182
145 141
165 80
232 144
139 128
120 58
73 243
85 51
139 105
68 132
40 230
85 209
131 93
192 80
31 218
132 222
112 139
246 76
168 210
172 178
250 101
211 118
243 115
239 142
33 31
44 102
57 27
14 21
118 230
171 32
68 84
164 152
113 230
95 218
194 62
87 250
202 153
180 171
82 34
116 167
83 44
63 36
177 92
143 159
28 233
11 169
83 131
138 219
109 169
106 68
213 213
185 184
59 36
100 192
101 136
70 244
62 227
142 211
91 73
173 64
238 135
71 212
208 80
12 249
108 215
119 110
72 87
142 101
52 106
60 226
111 192
180 140
17 78
25 134
103 223
131 243
218 181
90 175
45 226
94 228
174 47
149 170
164 13
115 226
94 122
115 146
197 59
123 74
158 229
95 21
70 193
103 122
109 203
97 28
147 238
204 39
73 81
236 148
133 62
34 22
148 207
134 248
44 229
211 133
77 88
22 53
30 44
65 34
134 74
106 136
93 19
147 68
206 164
171 227
177 199
230 219
207 59
13 150
169 179
114 109
52 149
43 53
238 109
133 71
136 175
180 110
233 204
244 150
73 245
226 204
102 227
215 229
110 102
181 102
244 47
145 63
45 107
130 64
79 122
61 22
232 179
112 189
119 93
229 100
69 50
231 146
243 50
234 125
55 248
153 144
43 39
77 110
201 95
191 181
65 108
216 227
89 192
182 215
134 165
243 248
207 88
196 156
179 244
27 182
239 170
209 183
70 63
250 182
41 103
46 196
178 138
152 204
17 186
95 131
22 232
32 16
247 114
179 239
208 56
96 55
121 152
72 62
138 183
181 176
28 204
121 167
57 172
244 80
111 133
70 107
33 139
29 216
24 79
198 205
73 26
33 31
192 162
207 165
188 169
56 98
140 138
47 53
170 193
76 235
228 13
79 63
40 147
47 87
107 229
78 28
105 238
135 220
151 213
206 19
172 140
20 108
35 47
242 188
163 152
164 200
248 29
152 135
169 24
69 171
55 109
45 111
109 122
31 60
68 236
62 120
203 24
156 123
15 214
95 188
81 189
68 112
249 180
22 69
69 177
95 18
191 11
238 120
51 55
38 172
158 150
88 56
30 239
239 108
152 56
20 118
93 103
90 133
47 114
161 107
153 147
217 159
100 74
81 76
121 238
223 229
54 209
134 10
156 84
208 36
33 52
123 122
228 54
93 208
61 231
62 51
20 250
128 55
111 227
129 70
130 63
206 41
209 49
15 183
77 197
169 76
218 89
228 14
41 113
115 121
46 52
161 222
24 162
157 57
182 29
74 65
177 144
115 11
52 215
173 120
90 67
43 22
36 104
60 158
111 121
133 184
25 117
202 193
104 88
129 101
48 100
25 78
137 194
50 165
135 28
240 138
140 24
13 151
16 178
228 10
196 54
185 93
77 73
181 61
105 188
154 29
193 131
10 214
218 59
28 191
140 114
53 226
166 186
148 169
233 114
68 239
171 22
57 229
221 132
138 126
39 128
26 28
93 140
100 227
183 121
115 93
50 33
14 227
186 19
13 118
57 52
213 92
12 83
92 82
155 12
127 217
224 45
27 150
18 89
23 129
53 243
69 35
183 13
80 205
226 96
106 226
19 32
208 164
170 142
24 103
39 44
240 28
207 48
33 184
101 230
27 102
38 31
85 187
185 172
142 17
31 20
153 89
182 180
119 39
130 61
13 180
76 191
149 91
186 46
21 89
246 229
136 162
95 79
67 85
168 10
191 156
133 162
21 194
19 208
152 240
15 106
178 26
58 90
196 41
141 239
114 124
144 246
179 144
99 97
143 234
214 223
179 163
81 88
249 158
166 210
146 16
18 237
221 170
192 248
31 189
143 149
157 11
229 95
152 120
183 223
235 62
76 117
31 111
220 249
79 206
247 211
38 198
244 141
118 167
68 110
88 82
40 139
44 119
184 152
178 204
57 30
175 79
240 72
73 136
178 213
191 213
111 240
186 80
77 245
55 188
90 207
80 230
232 240
129 143
201 173
213 197
228 206
132 187
204 214
169 102
171 99
201 74
58 240
79 192
58 171
165 167
205 122
99 33
126 127
133 26
66 46
52 128
245 67
211 106
91 68
140 21
224 143
199 40
151 218
208 63
132 105
52 214
235 65
89 126
42 247
66 237
171 115
106 223
83 100
158 87
121 69
236 45
46 235
83 52
83 156
64 63
78 241
110 154
10 233
140 105
74 23
239 99
23 31
11 247
63 82
184 104
242 105
83 209
24 129
39 118
180 38
248 103
183 53
180 49
173 155
228 108
231 164
165 231
19 104
97 153
43 245
16 156
33 45
143 59
201 114
58 180
196 191
25 34
152 89
237 183
214 174
133 118
17 165
90 142
100 161
151 185
66 93
13 229
215 97
193 183
94 136
140 100
18 46
42 152
81 75
213 62
20 103
227 234
185 115
98 184
221 17
49 179
149 201
197 213
149 46
28 148
48 195
212 214
57 97
212 61
81 89
232 32
177 145
34 163
104 19
63 107
192 92
63 75
123 157
42 198
183 73
131 245
24 186
32 200
20 135
239 60
230 187
90 63
130 82
241 116
104 167
118 127
67 199
200 148
31 238
246 80
213 154
140 82
209 165
113 189
228 141
65 21
133 40
29 234
201 65
77 21
147 237
35 214
31 198
66 15
207 161
144 14
181 165
145 82
214 65
58 84
152 249
66 144
184 217
208 132
211 107
115 154
167 218
134 24
34 198
153 229
224 224
33 129
54 95
61 231
17 12
248 106
247 184
158 239
23 57
172 124
148 60
111 42
175 70
16 239
110 98
186 67
117 146
228 195
216 91
48 189
187 115
141 195
233 222
209 236
227 104
82 164
134 95
230 26
235 187
39 146
245 199
65 84
61 133
99 63
91 115
154 15
226 117
227 121
72 38
174 243
144 44
14 203
74 81
89 196
204 81
223 68
205 136
179 98
63 105
95 127
67 209
16 248
103 242
38 156
40 216
165 232
25 32
242 150
93 68
42 85
35 124
68 18
122 55
194 91
149 31
23 114
135 80
129 28
52 92
61 43
103 186
19 221
133 64
49 194
218 66
202 234
57 116
181 51
148 103
203 116
116 68
61 62
29 79
92 236
30 50
134 67
236 155
95 226
113 233
126 139
47 164
116 225
191 36
33 180
102 27
158 213
184 133
149 78
196 115
192 250
22 124
204 240
142 90
34 77
45 145
120 234
166 58
165 165
40 148
203 40
27 108
126 45
44 165
222 25
90 204
88 87
29 51
112 87
131 237
126 197
157 233
11 36
201 97
110 46
158 165
151 206
40 54
98 54
111 96
77 118
190 235
60 80
110 169
65 147
74 144
131 143
211 22
59 148
142 120
113 238
118 247
239 147
55 224
140 21
109 21
233 200
229 244
151 119
163 209
126 243
246 219
186 100
32 144
109 27
79 197
47 97
72 210
23 37
181 28
241 18
235 10
176 238
240 123
238 154
97 145
194 108
75 38
199 75
20 79
122 36
116 142
154 54
184 34
188 101
53 114
86 198
42 106
184 159
143 197
193 21
149 208
196 158
203 245
160 203
186 49
166 75
81 185
130 224
67 208
88 88
11 45
143 114
101 27
75 250
174 130
43 153
113 111
75 10
224 173
48 73
103 122
156 48
133 40
191 127
176 26
113 177
139 139
17 242
80 71
31 123
236 88
97 129
127 64
10 116
206 184
52 55
71 22
10 105
53 144
159 92
115 178
178 20
140 54
229 136
28 161
225 135
206 133
74 56
30 189
124 71
219 36
158 68
14 109
45 50
240 32
84 13
58 172
100 173
87 59
22 209
200 82
56 58
111 217
235 91
179 165
67 144
196 229
11 169
14 196
135 154
168 126
226 184
226 106
86 232
119 168
130 101
27 245
147 221
83 29
126 55
186 156
186 124
236 49
188 203
228 100
213 132
171 162
35 237
191 189
147 91
160 185
113 129
161 173
109 206
136 229
227 143
205 123
94 175
91 208
247 215
150 99
100 119
155 20
89 183
202 196
218 178
241 41
151 35
53 54
62 161
216 219
248 78
144 184
96 137
240 76
55 112
117 91
234 116
59 117
62 56
182 10
191 249
111 60
128 82
167 218
218 76
108 141
18 244
12 230
247 13
152 153
232 217
184 178
117 167
125 135
48 232
220 24
133 11
65 206
238 237
199 80
201 53
97 98
205 139
26 144
154 52
54 150
31 231
71 105
101 160
125 62
157 221
95 186
118 55
32 41
81 24
10 165
32 100
36 36
101 158
184 167
232 246
161 96
205 165
175 107
90 166
213 84
191 44
182 77
68 24
123 116
10 229
33 67
132 107
132 108
80 40
70 93
121 72
236 145
86 130
119 28
234 139
232 141
220 227
193 239
187 135
161 235
99 161
128 120
31 81
245 99
146 19
43 143
163 231
190 147
76 26
112 94
27 120
134 52
83 114
154 105
163 215
163 23
222 133
190 191
241 245
25 24
66 169
246 189
212 27
102 118
171 199
71 221
180 127
241 180
226 169
65 199
144 79
219 29
166 122
18 21
159 62
73 229
55 123
170 227
29 45
16 85
88 37
199 41
160 17
43 146
218 73
172 247
10 115
138 245
219 62
27 73
181 24
44 86
94 205
32 44
132 96
222 238
221 88
217 56
190 184
97 36
140 78
58 195
132 115
183 243
50 242
18 207
200 74
250 128
157 137
215 139
162 122
156 197
153 180
122 161
38 92
69 83
81 106
248 148
191 187
33 195
227 111
102 114
211 181
17 171
55 45
213 163
215 123
27 180
14 47
19 82
149 214
18 43
164 117
42 72
217 209
97 122
180 14
202 148
193 113
40 209
158 81
80 236
218 91
78 56
160 120
123 163
171 90
54 20
180 67
127 19
238 141
41 183
133 229
79 179
234 98
126 218
76 67
95 214
131 146
124 32
162 243
176 58
58 12
244 21
113 125
197 69
233 199
68 85
70 167
125 64
44 65
49 106
137 39
57 205
210 222
60 24
37 113
97 14
61 47
67 151
27 221
105 157
185 119
43 13
130 218
249 116
243 26
237 229
231 112
140 231
143 222
116 240
15 183
229 226
140 80
138 182
117 191
154 108
237 241
166 16
109 161
131 213
189 122
181 177
93 24
59 104
177 28
181 165
39 238
35 38
200 211
190 12
180 215
218 123
214 107
56 198
190 138
189 164
109 135
168 196
100 89
235 249
93 71
20 21
238 31
209 171
20 94
167 222
80 193
208 10
119 160
121 31
178 163
228 211
144 14
219 131
188 249
186 196
26 208
202 171
184 231
180 116
44 115
51 194
30 232
238 149
62 141
40 114
224 62
213 232
169 48
157 104
83 51
189 227
228 159
223 234
77 101
20 134
213 237
225 95
217 151
146 126
41 25
76 152
118 229
74 149
189 35
214 140
173 143
44 173
232 244
196 181
64 142
180 234
141 219
87 94
91 57
160 250
167 25
39 227
79 214
22 157
205 154
54 89
44 110
82 238
220 183
190 108
206 209
208 55
116 144
155 163
95 95
102 195
13 79
11 18
218 224
67 127
30 51
58 112
52 15
50 187
239 185
181 125
36 72
76 179
127 25
131 141
14 146
196 192
235 147
231 47
73 70
57 18
74 74
142 134
24 82
36 14
147 54
178 37
178 113
221 152
98 165
38 197
104 174
187 14
243 205
178 33
91 246
63 141
244 185
37 215
45 25
140 42
210 109
238 117
221 158
60 75
209 33
190 75
123 130
103 117
229 176
88 98
132 190
191 92
144 152
12 36
243 15
26 102
122 98
245 23
115 18
94 195
205 81
200 84
205 238
198 42
35 221
177 165
143 171
146 54
128 22
89 191
242 61
67 145
84 118
250 249
227 154
121 226
72 165
185 109
112 192
246 129
136 185
111 41
148 75
52 226
47 79
223 247
151 178
176 167
107 27
143 238
39 119
12 154
152 145
81 21
108 63
28 133
19 116
95 205
81 19
113 168
35 47
121 44
155 52
73 113
216 114
135 147
210 190
142 16
118 99
88 200
19 28
232 217
211 138
105 234
191 113
56 34
61 250
33 81
173 249
40 24
111 201
220 23
14 227
13 232
223 89
197 116
218 127
56 217
215 106
114 112
173 76
148 220
47 91
58 31
65 50
127 53
213 202
53 79
78 119
211 32
141 206
199 195
167 73
84 199
60 223
190 162
38 244
52 237
126 49
191 214
132 159
231 100
65 174
131 172
135 142
124 103
157 53
84 230
132 163
45 63
234 159
219 45
193 112
139 83
116 148
246 188
183 166
196 79
163 61
103 191
18 127
11 104
66 89
52 123
218 63
61 215
186 49
90 107
128 33
168 147
129 135
249 117
55 114
202 139
44 171
71 154
65 34
31 184
135 171
72 97
247 107
131 47
38 168
220 221
173 48
37 40
105 190
221 188
18 30
27 193
104 227
58 198
95 22
126 124
131 12
160 136
56 29
99 190
247 210
223 146
203 230
200 204
27 65
125 230
133 16
207 84
91 202
246 204
166 111
250 10
145 91
101 180
241 247
115 87
34 137
48 96
102 110
182 164
93 164
20 138
206 145
145 19
116 52
223 119
95 50
78 118
247 97
148 103
239 69
175 160
238 228
30 69
94 218
39 78
184 37
22 73
49 110
96 159
143 50
186 126
87 91
234 243
107 217
71 113
56 152
243 84
191 24
51 11
52 145
198 204
77 162
190 151
145 58
241 75
183 90
119 249
92 105
22 30
158 142
206 35
213 100
49 140
186 34
149 51
109 19
191 131
104 98
205 27
134 51
140 125
237 20
15 241
207 121
249 91
162 240
113 46
150 174
206 10
21 30
152 159
59 183
187 182
62 247
54 171
233 114
76 127
67 134
108 124
87 11
133 178
178 235
13 120
93 149
126 10
236 51
213 160
78 228
233 114
63 246
31 39
120 160
129 173
171 211
99 223
159 148
10 236
11 166
195 209
197 205
41 102
13 234
220 93
44 47
65 179
174 35
137 23
72 229
19 240
146 227
117 154
20 166
207 78
53 35
116 16
154 215
206 79
113 155
241 188
155 113
212 97
54 172
107 90
205 148
146 209
85 202
129 207
29 157
63 184
129 34
241 12
186 227
125 187
172 204
52 236
195 107
244 111
112 187
26 51
85 192
53 234
42 90
117 150
76 150
130 241
42 213
19 123
97 149
213 47
149 220
106 64
37 29
72 194
42 96
11 30
67 12
211 218
129 146
137 207
150 19
248 73
232 46
190 193
172 141
111 215
71 68
173 112
77 190
21 228
91 98
222 68
235 150
19 59
197 62
176 99
40 75
36 247
158 33
121 110
246 23
66 59
174 34
183 36
21 187
151 76
176 60
46 111
159 127
242 56
81 68
242 250
167 98
81 46
232 203
218 42
220 220
63 168
186 110
144 65
140 193
120 114
144 73
29 27
64 37
127 40
104 216
118 219
71 52
129 244
166 34
193 154
237 153
11 196
139 41
92 118
71 138
160 28
199 216
109 247
134 167
117 112
93 107
83 25
59 168
129 232
99 26
36 72
62 94
245 152
29 223
202 129
11 50
229 146
16 86
72 150
235 189
245 66
178 73
73 84
13 208
78 210
171 208
226 219
142 75
54 112
217 179
181 142
41 207
61 44
146 219
204 127
101 182
105 197
127 20
217 64
39 72
117 231
133 73
212 148
93 137
210 55
164 179
149 38
199 141
162 219
248 115
236 33
209 40
156 195
109 88
55 71
57 153
44 18
177 205
123 212
142 192
191 38
210 45
204 183
28 120
26 244
22 239
147 64
60 48
35 133
194 106
118 91
93 120
248 52
107 129
161 65
197 28
176 142
84 208
167 59
61 146
75 243
102 164
238 105
54 75
127 112
192 21
163 34
78 121
199 93
220 175
131 170
106 126
32 86
178 235
113 179
175 247
38 12
198 222
35 75
34 65
218 172
140 250
53 110
169 45
88 185
104 198
95 41
136 213
151 134
184 151
191 23
224 187
21 52
198 105
202 44
87 219
79 164
43 173
165 77
243 197
196 68
216 247
71 187
50 119
96 76
244 94
219 19
10 173
24 24
115 142
236 72
209 124
154 103
95 195
116 182
117 42
106 228
100 190
47 86
145 146
44 247
152 126
120 160
182 173
201 18
156 66
174 177
249 118
52 22
15 242
28 111
163 240
229 18
171 99
133 151
164 19
30 85
148 50
200 239
55 122
48 73
225 104
24 154
70 219
90 59
152 192
102 121
227 33
145 96
185 243
84 195
156 101
39 35
217 53
99 159
218 103
52 136
226 222
226 242
199 88
47 10
71 206
242 126
234 63
178 11
60 80
185 22
33 215
53 149
67 72
127 219
56 15
201 248
203 128
190 236
126 145
188 127
47 158
195 22
101 15
210 175
75 66
153 226
136 216
60 112
27 205
31 94
213 132
146 146
65 121
75 222
218 137
195 215
98 119
31 94
189 240
142 72
97 173
46 144
17 106
29 13
29 51
77 142
172 72
25 147
146 165
43 95
69 87
194 245
192 154
231 166
18 12
147 176
123 209
89 102
58 101
209 110
101 133
15 128
166 39
151 27
51 150
249 194
203 71
138 40
188 111
208 166
176 145
175 204
219 21
184 107
49 156
163 39
96 187
29 79
85 55
151 175
148 74
86 69
184 168
185 96
105 16
141 198
114 144
127 151
198 24
12 239
80 168
94 39
115 149
63 231
32 229
28 196
70 158
219 156
230 107
14 160
213 26
240 133
154 222
125 53
16 215
165 68
116 158
38 185
147 240
23 19
74 109
180 96
140 74
34 192
214 59
59 22
27 102
17 117
33 167
240 88
18 164
52 184
180 161
194 231
79 118
64 112
38 96
143 26
224 209
16 13
43 154
226 51
159 102
123 108
74 100
116 181
96 173
65 216
234 24
87 192
229 116
128 196
234 100
154 79
209 86
18 115
76 124
175 232
42 100
48 120
18 105
90 44
182 136
48 80
175 42
56 88
212 84
209 112
136 52
188 63
67 98
86 67
185 104
51 247
23 71
159 13
46 105
60 144
186 54
249 38
121 64
28 82
107 101
189 72
38 204
125 103
172 144
249 121
178 161
167 136
53 186
208 146
202 164
230 135
158 155
109 203
56 176
94 58
226 176
167 59
125 193
124 104
209 26
79 119
81 191
184 87
112 140
82 200
17 152
73 27
231 137
242 219
40 23
55 222
149 242
31 46
227 100
176 118
147 97
86 65
56 181
89 120
93 122
237 233
208 95
156 238
194 141
185 168
63 219
90 168
100 115
88 154
211 235
127 133
225 11
136 58
90 117
71 223
182 224
110 213
24 246
22 175
39 83
201 220
196 96
173 109
69 180
195 18
108 145
231 53
67 187
169 136
20 203
133 67
126 114
10 154
65 32
146 127
62 245
216 167
207 233
187 118
153 55
54 120
118 154
46 123
12 141
188 249
211 19
250 134
78 66
219 66
244 183
27 94
159 86
18 209
69 165
11 28
231 244
109 227
51 144
30 23
86 173
61 116
247 170
93 40
192 18
151 14
14 192
171 124
242 145
196 233
132 118
235 240
50 184
20 122
67 233
209 18
164 57
192 187
233 45
124 237
34 80
77 169
27 71
144 161
126 79
241 77
123 79
120 25
81 12
24 37
130 100
220 208
239 37
172 245
196 249
22 68
146 163
243 62
57 85
220 170
162 26
37 50
110 169
30 91
243 239
199 111
80 25
25 152
140 215
15 121
166 219
152 125
53 115
184 130
201 162
101 79
152 113
41 20
52 155
231 205
197 220
171 122
177 34
105 36
168 145
80 223
26 144
117 190
93 21
120 248
207 11
207 226
156 192
99 163
42 129
31 77
181 111
245 134
116 84
207 79
68 14
188 29
180 97
149 249
140 152
197 117
92 60
170 102
184 179
182 111
116 107
15 198
43 33
90 39
66 44
197 23
195 44
209 214
162 220
182 215
99 96
232 182
173 177
200 179
131 128
15 235
230 104
59 202
204 161
11 26
107 54
188 11
62 130
11 185
209 187
41 174
44 124
82 78
162 236
169 21
171 129
132 152
132 199
155 36
125 108
240 222
187 80
50 10
217 112
158 12
240 115
151 117
62 224
71 126
238 132
67 173
115 149
107 37
35 107
27 180
124 46
188 227
139 101
240 211
150 117
245 106
63 42
61 116
241 205
15 102
167 31
67 74
64 154
57 91
72 32
43 238
150 168
149 24
208 168
53 208
118 60
207 209
217 20
244 95
52 27
152 245
236 186
221 159
35 41
18 127
45 152
245 188
186 64
151 185
21 150
70 119
208 240
36 171
163 53
58 166
118 127
85 23
119 166
49 183
181 11
82 205
117 104
224 145
87 76
79 248
131 90
177 80
44 14
60 53
166 69
212 209
92 212
193 170
233 204
123 230
202 124
82 154
90 85
76 51
92 246
97 92
126 45
129 81
168 104
196 92
203 156
181 203
216 244
124 215
94 248
138 196
142 151
63 201
94 115
243 208
249 189
22 190
156 117
108 136
160 111
14 66
40 133
67 155
29 199
77 243
208 113
54 75
61 243
187 138
56 212
52 57
85 220
70 164
133 29
218 66
141 151
194 76
166 59
67 38
202 228
220 62
249 212
229 119
148 123
233 90
30 101
215 78
76 125
27 21
231 46
28 61
32 153
27 188
15 240
34 92
192 159
86 224
109 165
233 167
65 110
248 46
148 109
207 84
99 215
184 43
157 34
200 149
164 149
122 227
134 57
77 163
241 64
103 136
248 16
148 59
219 183
130 246
113 34
148 198
198 124
60 205
59 196
13 66
21 238
249 109
33 126
64 52
231 33
38 129
83 138
63 249
241 60
101 114
244 180
179 198
75 39
53 134
108 169
40 23
146 191
234 104
224 60
33 178
127 93
48 112
66 87
185 216
221 37
249 107
191 63
37 76
137 41
27 172
131 180
93 140
243 93
41 94
68 12
24 246
68 227
45 74
130 103
21 146
181 138
227 133
153 249
181 181
29 247
222 79
71 39
79 228
239 73
187 168
187 174
88 231
10 152
175 159
212 99
56 168
118 242
24 241
157 109
174 98
162 231
223 213
52 37
103 209
120 217
138 103
242 50
200 194
12 67
155 133
17 111
188 29
147 17
41 119
179 223
237 58
98 54
108 245
193 87
214 152
93 216
32 235
191 87
98 210
49 111
223 229
220 23
100 28
23 70
196 111
59 150
112 176
169 126
220 21
194 23
241 169
125 56
249 38
193 42
188 223
98 176
221 124
237 112
129 63
206 61
71 238
237 176
194 199
106 148
137 42
152 245
235 189
103 32
135 40
62 219
40 154
50 59
235 203
246 220
129 10
208 64
136 249
166 167
167 19
178 83
139 153
218 49
42 243
123 51
223 84
116 235
203 88
90 247
97 140
230 217
221 83
234 203
146 26
160 120
87 211
31 219
246 208
85 194
181 174
56 129
76 176
177 58
162 110
22 143
222 194
217 77
160 232
34 186
95 225
204 15
22 179
164 179
131 123
106 118
44 182
122 185
250 138
75 20
74 68
81 197
41 175
47 117
250 177
133 107
46 193
171 120
233 76
132 111
145 237
123 80
146 99
43 68
158 230
140 121
104 146
15 29
15 60
182 33
12 43
86 118
239 71
58 51
50 18
131 129
167 46
181 51
125 162
36 21
222 43
221 51
98 94
140 80
154 66
12 221
26 93
16 159
16 145
178 143
90 222
249 204
194 90
78 234
163 142
201 78
184 92
127 11
224 52
226 112
183 163
195 224
56 116
18 213
156 179
192 38
140 88
181 140
223 70
209 14
159 155
91 108
246 87
56 145
64 105
219 186
138 136
128 39
49 140
189 14
30 26
220 185
135 69
43 147
126 190
158 158
186 143
124 81
102 225
214 242
102 174
180 239
11 185
60 160
36 38
25 212
68 24
227 48
219 138
87 139
129 186
106 168
250 32
196 141
171 98
31 199
211 205
70 32
180 200
206 235
154 150
116 219
28 56
196 86
234 40
103 134
167 249
235 235
231 217
224 66
166 129
180 125
161 239
144 189
18 197
227 217
28 231
38 28
35 219
100 148
62 41
128 63
194 234
17 100
199 149
106 209
71 14
136 165
136 204
217 32
195 37
149 170
84 158
233 169
99 181
199 248
176 63
182 99
232 137
92 197
57 196
201 59
198 87
67 234
138 38
131 11
32 235
74 50
223 190
237 24
140 229
156 246
213 34
229 248
107 217
92 94
60 39
70 43
17 120
242 159
147 170
197 160
96 47
39 132
90 93
26 236
250 81
148 96
36 230
138 243
69 18
208 25
76 248
153 215
149 219
66 239
111 43
194 151
62 183
25 152
45 134
195 189
38 87
74 43
179 60
94 40
115 130
159 158
187 110
90 28
49 33
64 245
154 214
169 115
82 141
69 226
13 167
108 131
53 172
183 243
120 218
67 211
183 92
49 242
66 104
135 80
237 94
196 56
49 55
243 25
44 164
33 212
152 145
95 107
49 91
83 143
243 61
78 224
184 108
73 169
83 26
179 88
92 90
231 50
15 109
169 197
109 18
146 71
182 107
170 44
210 32
66 75
239 55
76 84
25 84
102 237
206 54
221 169
109 243
205 121
118 49
112 16
21 178
217 10
198 144
185 86
242 172
44 237
34 217
199 205
207 33
70 166
62 108
106 165
219 128
184 139
163 115
181 139
50 79
90 97
95 72
21 81
247 85
212 167
89 15
176 174
71 204
141 209
19 226
42 180
130 32
21 104
229 241
174 149
188 152
50 186
10 222
78 196
154 172
125 227
123 60
94 140
66 19
29 222
32 229
116 39
214 189
185 128
109 164
47 137
165 67
105 124
164 237
213 39
224 177
166 125
91 66
142 23
23 98
193 127
234 91
36 55
215 42
218 196
210 70
62 183
90 200
126 59
215 40
102 119
100 92
164 124
105 219
122 211
11 217
11 163
65 43
228 100
179 88
98 100
154 29
230 71
83 31
164 110
162 202
153 50
52 164
203 124
98 162
176 52
196 34
114 231
120 237
134 198
14 200
129 46
130 223
172 169
163 177
104 146
119 28
38 207
184 102
127 168
221 171
156 238
90 185
154 237
61 209
103 248
147 166
164 27
216 148
92 200
154 50
185 103
161 236
35 161
158 36
72 133
225 65
158 194
154 187
55 192
81 74
96 89
155 24
167 231
66 53
85 86
159 153
111 49
146 59
204 55
72 173
115 54
215 181
220 162
237 76
155 176
141 55
186 127
230 35
123 97
123 159
21 144
14 157
137 189
115 82
76 83
101 99
12 200
146 94
152 89
68 100
185 53
72 87
96 145
31 74
75 81
73 170
78 80
210 24
163 30
165 209
226 139
104 53
101 27
224 187
138 18
36 27
230 38
170 239
47 199
183 31
244 130
226 143
193 36
231 87
250 116
206 16
150 192
234 192
209 169
186 161
80 95
76 143
114 238
136 99
18 236
111 84
210 150
44 246
158 224
105 182
244 195
78 144
35 203
33 168
62 228
68 34
196 201
238 183
204 158
217 142
213 102
98 242
25 22
243 112
151 236
177 11
170 192
22 186
15 36
131 168
94 237
17 142
230 150
116 77
68 218
137 63
25 32
177 250
76 112
218 87
50 119
73 188
219 64
250 139
143 228
107 79
211 156
197 138
145 148
236 154
144 167
201 237
234 179
202 242
129 183
248 74
19 141
88 68
45 28
110 86
133 129
56 241
104 96
65 178
31 238
202 210
221 182
85 57
32 178
191 242
166 32
224 79
123 96
217 38
166 50
35 57
250 204
233 145
229 53
177 183
34 200
44 112
211 141
26 86
148 137
204 201
84 38
205 94
214 31
54 168
226 160
215 172
114 109
122 231
175 28
50 43
66 149
11 12
102 242
90 179
193 191
42 136
57 38
122 237
203 77
205 171
45 98
105 62
210 13
69 33
84 151
80 66
114 92
185 42
106 87
212 169
28 173
213 14
168 151
151 12
127 229
123 236
175 100
113 10
44 79
188 61
20 165
215 230
183 164
30 191
52 101
14 211
137 222
243 22
12 125
119 141
179 97
73 158
79 188
68 151
120 158
55 220
124 87
183 116
250 43
59 30
53 75
18 65
153 241
37 238
122 109
88 27
143 107
179 41
198 246
220 221
213 183
74 232
110 174
58 192
174 158
139 157
89 248
30 104
153 84
202 42
96 208
18 134
174 34
139 53
151 131
119 214
132 80
211 71
82 159
20 30
215 38
223 39
232 210
205 164
101 125
65 38
47 154
162 80
84 80
182 20
128 14
173 21
227 50
217 121
16 174
133 30
202 107
191 193
222 227
209 134
162 47
240 113
39 206
155 75
97 171
204 250
159 239
195 233
230 112
120 113
141 243
233 208
71 148
219 82
182 234
77 150
158 85
22 19
82 174
105 57
46 247
82 149
139 91
78 90
56 146
171 82
237 205
14 127
100 48
203 59
45 128
131 23
218 191
36 31
180 187
116 81
115 152
140 16
95 32
50 31
32 174
84 152
193 57
219 181
250 215
187 22
80 241
133 100
162 161
150 102
26 114
126 76
198 110
42 154
75 86
190 41
228 238
238 123
39 75
248 184
153 149
230 11
113 149
217 94
44 217
35 145
40 21
36 38
210 12
169 135
155 110
61 118
147 126
102 215
242 81
185 225
28 138
175 60
53 97
127 200
207 83
194 56
231 96
88 122
16 227
83 207
73 72
25 33
35 179
134 75
33 171
164 156
131 12
137 131
164 146
195 25
250 26
148 168
225 59
54 100
104 41
243 77
94 47
149 94
194 50
163 205
32 208
143 42
107 54
66 223
57 212
248 176
202 248
244 211
60 240
195 103
112 77
233 131
126 77
23 73
225 99
40 156
172 72
221 22
138 74
10 106
169 187
107 204
28 158
237 155
106 18
23 155
36 217
59 190
194 218
229 150
148 207
47 22
236 63
15 80
151 130
16 249
28 173
105 242
40 136
177 88
99 130
120 165
40 29
157 95
23 174
177 202
52 127
144 80
202 43
152 216
159 16
46 18
90 74
79 107
185 240
63 76
103 155
27 104
133 12
150 77
126 162
122 80
243 12
71 213
213 227
80 246
158 208
169 140
18 244
11 14
54 227
69 145
110 26
33 10
170 236
110 51
92 94
216 198
117 211
149 53
87 41
154 215
183 27
157 41
133 48
127 193
148 214
200 188
203 23
177 244
140 159
191 39
222 193
122 178
101 233
160 188
149 91
25 65
206 175
21 179
56 92
135 204
153 117
25 184
65 167
184 211
240 196
83 224
44 123
133 121
219 79
125 237
166 188
75 68
246 58
104 206
169 194
109 189
54 83
95 189
38 132
114 108
76 231
248 44
61 99
94 154
76 213
175 229
178 14
71 62
245 176
96 195
127 208
208 238
242 70
70 176
24 68
207 243
213 133
69 140
145 227
237 26
208 172
237 87
201 135
90 133
111 16
75 51
24 23
104 44
132 140
155 81
197 18
105 43
185 101
108 30
208 172
244 49
97 181
50 61
242 10
15 76
162 130
28 133
29 134
74 162
21 199
24 143
118 46
13 52
47 48
239 192
121 22
49 103
85 162
35 25
49 36
190 31
205 223
110 243
41 16
50 88
42 112
103 140
112 176
226 59
65 117
93 70
220 232
26 147
66 239
48 216
179 176
119 167
132 24
78 31
59 110
32 42
171 161
214 25
198 81
17 146
188 175
162 134
115 104
117 116
208 133
146 170
165 240
193 165
240 137
204 30
244 88
199 160
140 223
183 42
28 219
225 13
247 87
41 248
31 27
141 33
75 220
83 202
99 99
83 117
102 40
110 49
123 249
132 81
214 12
64 199
141 50
143 233
53 106
93 19
186 196
161 138
230 54
226 234
30 109
215 179
151 81
173 82
122 54
187 181
12 37
137 105
92 105
176 142
24 213
10 116
221 184
163 39
105 152
226 70
229 62
160 187
193 145
27 220
99 215
137 97
115 82
168 238
250 17
219 78
158 234
148 107
218 212
193 197
24 155
184 47
192 116
167 224
112 87
118 61
60 164
175 119
122 92
95 191
11 94
96 151
73 199
132 67
78 93
219 25
233 149
94 238
61 16
186 133
78 35
235 20
168 90
200 106
231 10
217 76
146 90
184 154
137 53
123 110
142 228
175 63
130 41
179 202
46 48
236 104
17 37
211 99
189 150
174 125
12 76
72 34
82 180
142 191
119 223
108 48
88 232
39 49
247 206
103 33
49 167
186 72
151 42
35 108
192 237
239 53
32 160
146 178
116 113
128 164
81 130
117 168
18 78
142 17
226 149
171 236
178 110
125 171
84 206
174 99
147 76
172 34
68 99
53 41
54 55
73 110
10 176
151 175
18 102
250 42
165 43
157 112
181 180
138 169
100 110
115 20
167 10
85 164
12 86
189 205
203 240
176 125
84 56
206 215
113 72
203 81
142 143
147 27
219 246
57 68
177 176
93 126
221 210
64 71
137 103
135 32
136 63
166 230
45 233
225 247
234 135
210 217
163 137
88 84
40 44
212 36
96 149
122 197
48 45
48 228
32 103
48 147
120 134
108 17
52 149
27 59
226 35
106 73
11 17
75 123
204 40
31 188
231 144
152 212
190 199
73 142
156 179
46 176
11 191
99 12
115 250
94 223
106 226
179 67
220 107
46 30
106 213
236 67
131 170
23 197
137 214
108 87
220 214
92 137
222 48
150 148
182 105
217 232
166 51
105 171
240 182
146 18
246 48
67 149
205 152
157 73
155 56
213 104
73 25
151 122
217 179
212 224
20 79
49 160
20 90
210 154
155 125
127 108
117 21
148 129
138 45
67 203
102 52
121 76
28 86
127 173
183 205
35 149
52 56
166 118
174 160
24 56
150 111
218 189
10 117
234 21
58 165
136 60
69 159
12 85
240 41
184 11
71 115
199 96
20 193
182 76
102 29
171 66
19 78
71 71
121 123
125 98
113 169
154 93
55 22
43 106
126 97
218 115
228 209
152 42
155 117
81 62
247 229
29 213
56 79
230 188
92 190
208 43
216 54
16 142
27 136
63 198
204 58
205 125
110 46
124 194
229 80
170 186
96 65
148 141
90 107
127 51
237 111
232 98
196 146
77 89
83 196
57 206
99 190
130 197
46 108
40 125
93 69
95 152
42 78
225 48
69 109
197 110
245 48
248 74
239 157
168 188
83 138
57 227
160 221
44 86
160 117
214 136
86 147
218 245
195 245
62 124
199 69
118 52
207 74
181 228
164 50
167 138
142 31
164 18
196 172
187 10
60 90
72 134
198 249
147 26
29 77
235 33
27 218
25 96
106 12
141 170
145 166
131 192
207 122
78 22
117 210
173 39
176 210
59 185
202 21
74 130
58 95
247 105
242 33
47 215
203 47
91 211
228 51
227 200
116 37
80 228
161 175
55 179
62 165
122 100
182 55
195 19
191 59
246 215
232 161
28 135
69 85
133 90
110 221
32 92
162 57
55 136
189 122
54 19
237 178
224 174
100 101
125 214
240 203
225 64
79 212
12 51
198 31
16 95
63 209
18 81
14 183
12 206
202 198
17 172
75 85
134 51
225 208
128 66
208 108
236 13
178 175
244 153
247 187
110 77
73 21
33 145
165 227
41 214
66 79
229 170
94 179
134 31
154 165
56 58
24 187
245 44
128 142
155 37
219 55
83 90
194 218
107 240
11 16
89 243
178 82
61 52
101 81
123 201
199 103
203 205
119 56
196 61
212 140
232 182
211 244
16 238
98 58
34 143
159 109
191 98
21 201
226 31
95 111
158 141
163 120
96 113
36 37
46 195
248 243
247 130
197 210
215 76
219 204
93 123
82 171
105 114
68 48
100 104
103 60
180 221
222 230
206 67
30 151
216 105
163 68
116 167
93 122
139 241
48 23
206 17
118 150
177 89
70 225
146 39
244 175
35 97
207 176
147 169
79 211
237 218
92 50
51 100
70 228
16 52
148 221
15 241
173 171
209 233
48 183
131 18
177 197
188 37
137 13
166 70
210 246
109 91
134 101
246 205
176 17
202 245
236 56
231 15
226 126
84 234
91 145
25 24
44 176
223 92
130 84
60 183
31 77
161 40
53 159
30 84
225 217
165 226
101 199
138 114
184 167
153 237
144 197
183 222
24 65
85 176
83 207
147 197
158 179
51 50
241 23
113 127
156 109
177 76
127 41
178 86
44 69
247 224
195 88
19 209
123 133
248 184
245 127
249 41
119 249
63 40
65 20
54 120
138 237
25 197
98 79
129 73
64 64
171 202
201 178
177 163
18 132
28 85
227 38
131 167
172 237
33 20
179 58
151 179
173 176
140 141
192 111
249 113
98 64
187 159
29 158
113 223
177 40
159 193
41 104
178 122
232 95
229 101
137 103
179 138
135 203
192 229
150 97
236 207
35 30
33 228
178 212
180 51
195 74
181 184
159 83
112 34
226 96
136 204
35 56
28 86
172 42
190 83
194 34
26 72
235 37
117 56
24 10
43 99
238 94
19 189
71 75
127 90
64 135
232 126
62 62
145 245
16 177
88 121
128 137
19 235
10 72
151 30
203 137
18 23
223 119
54 230
248 50
204 47
198 238
30 80
185 87
208 47
65 185
115 145
88 69
173 244
113 203
43 20
215 200
170 211
120 33
44 70
193 179
163 63
71 217
130 152
73 126
40 77
217 47
109 21
180 137
34 30
168 178
153 84
132 144
48 198
208 186
216 24
34 221
35 245
125 81
124 137
220 42
123 41
162 10
123 214
112 120
42 190
124 215
245 140
146 197
165 116
105 82
89 18
34 153
58 100
198 111
218 179
148 107
169 59
99 167
155 126
211 172
92 103
249 197
132 75
185 127
78 198
142 81
90 63
85 201
241 222
25 14
179 101
119 28
98 109
99 25
62 113
12 78
148 154
202 239
80 137
211 70
109 191
68 85
68 245
90 46
31 153
135 183
191 120
227 132
200 106
116 238
152 89
64 115
12 246
92 141
217 103
101 76
116 122
79 73
14 88
60 205
117 120
80 89
222 209
242 203
31 220
148 136
44 156
20 39
108 38
230 24
171 233
210 193
171 208
108 135
148 166
215 139
179 85
165 118
179 180
126 120
139 26
176 159
210 64
68 206
214 80
107 198
221 82
201 219
125 107
178 91
242 45
151 41
60 193
80 79
37 188
229 224
248 157
124 245
55 33
117 134
107 126
145 67
247 205
135 74
220 79
227 228
111 85
112 85
212 132
231 21
35 26
25 231
247 135
41 152
37 11
97 230
90 53
76 227
89 150
60 211
18 16
247 92
238 16
209 239
114 99
120 162
242 110
103 157
130 123
109 245
144 183
140 242
124 54
189 220
180 37
68 88
96 186
236 230
12 179
205 16
191 244
138 16
95 12
100 66
90 125
140 88
13 207
26 195
210 250
146 89
78 192
55 62
110 86
126 17
204 107
228 248
55 240
38 125
156 11
232 81
88 23
171 150
87 226
162 42
52 78
248 84
154 168
183 218
83 32
194 55
26 27
177 13
51 107
44 111
62 88
224 209
184 231
54 73
200 84
20 108
231 222
54 248
234 50
85 173
111 231
111 119
73 159
82 212
126 138
114 133
105 217
164 142
55 180
180 96
220 204
195 35
227 206
114 246
29 157
12 19
214 177
38 133
155 224
63 82
12 248
128 173
193 155
108 223
150 99
54 138
130 100
226 154
69 127
88 143
91 13
167 167
167 138
124 23
137 53
16 140
170 101
63 22
53 11
52 97
82 29
191 36
94 65
237 242
155 22
197 117
221 89
76 18
136 61
25 120
165 128
234 187
38 26
111 216
173 120
94 154
93 68
190 163
94 73
235 39
137 222
22 43
90 101
108 68
197 46
111 178
209 222
28 202
167 95
50 213
75 41
249 157
118 190
78 121
122 97
150 51
214 132
142 102
28 235
220 193
158 74
138 74
183 186
64 116
175 238
83 78
231 61
36 63
83 84
106 219
242 230
12 155
88 68
91 216
200 180
37 45
50 146
216 131
238 75
23 131
63 96
52 181
54 178
41 178
204 247
205 147
108 37
219 29
110 90
41 135
173 231
176 37
116 192
175 149
239 188
110 97
132 140
181 150
93 176
65 45
16 42
109 194
184 210
51 14
218 109
248 96
11 55
108 165
243 124
182 203
106 228
28 223
34 73
146 227
37 150
36 88
232 69
227 86
13 137
59 171
182 222
248 116
41 136
118 51
177 210
92 20
235 151
192 241
142 109
191 153
163 186
203 153
244 113
180 71
28 76
121 132
154 228
172 119
63 120
240 213
77 230
120 130
202 84
106 245
102 29
249 246
213 210
200 35
32 245
71 19
46 193
32 236
232 25
122 139
99 150
102 202
93 189
136 13
159 103
109 215
139 129
131 221
55 245
226 232
88 233
35 120
87 250
227 20
70 218
60 226
154 65
134 33
151 83
245 50
151 49
149 68
229 185
19 161
214 211
180 15
12 157
230 50
30 198
215 181
98 60
147 156
56 39
130 103
243 185
125 216
115 12
93 232
243 179
168 215
52 157
31 37
183 86
88 25
49 61
60 173
177 166
55 230
114 148
78 183
127 188
249 201
240 123
119 183
187 105
169 43
228 43
248 112
247 179
110 229
68 234
140 11
47 64
250 114
96 144
209 230
61 63
63 184
158 123
184 116
126 47
169 210
168 97
228 134
206 208
177 234
177 113
212 63
87 143
248 214
74 222
100 230
80 65
154 113
236 148
21 171
153 124
235 250
153 47
232 81
75 156
175 58
198 16
49 17
36 81
208 204
237 197
245 168
210 179
218 67
24 30
149 249
196 208
118 192
164 21
130 30
112 64
231 163
129 250
16 19
240 36
110 221
29 60
150 174
247 207
119 74
146 57
74 34
161 118
221 185
126 202
167 118
238 134
62 215
49 196
60 90
166 214
37 76
169 87
137 187
144 86
246 182
65 38
35 201
52 85
146 200
199 73
58 89
12 76
46 34
54 99
64 103
66 21
217 233
87 175
69 244
145 142
23 103
33 228
134 92
134 132
143 57
217 111
238 214
212 107
63 39
114 146
82 213
147 181
39 224
36 91
226 126
96 63
129 126
68 12
165 167
175 20
86 208
218 158
56 197
165 53
40 52
232 135
70 201
246 32
193 18
92 168
190 31
91 89
212 192
53 100
108 147
32 108
218 88
238 60
173 10
115 190
139 177
168 238
250 232
112 74
199 18
248 209
40 156
209 98
125 36
32 237
53 73
29 29
25 85
160 225
91 20
241 12
193 207
165 124
225 16
48 137
25 212
73 207
94 115
43 122
173 240
234 39
208 238
154 60
225 10
83 123
84 45
237 91
133 179
186 129
104 244
132 155
31 140
36 23
52 170
111 61
206 20
236 28
54 216
102 176
133 204
224 229
21 190
235 189
192 199
233 28
41 185
128 47
106 11
13 216
46 169
31 189
71 217
42 168
187 208
146 14
224 194
151 11
201 64
34 10
217 202
139 225
143 166
133 196
221 95
31 152
168 249
157 207
174 10
35 145
223 203
27 181
76 202
38 17
89 162
240 182
197 36
48 75
127 229
88 146
48 29
34 213
142 178
38 235
145 79
163 99
240 33
66 128
129 220
201 147
107 38
25 10
26 194
194 78
241 146
75 196
20 83
180 137
22 229
140 210
49 96
242 27
36 147
23 78
161 81
227 24
180 12
120 236
108 127
82 147
35 160
174 115
236 184
234 107
160 173
136 14
248 168
183 34
234 157
68 49
80 74
71 17
150 82
221 177
148 132
120 129
108 116
18 91
66 52
67 57
68 161
108 102
34 233
152 81
20 83
23 172
207 12
132 13
105 91
201 193
190 169
163 136
190 167
134 187
200 52
250 109
71 72
25 176
114 13
103 159
46 154
144 21
124 198
181 211
243 202
50 91
95 71
33 137
30 69
39 234
191 40
118 101
150 231
86 169
27 21
51 29
153 16
230 21
18 136
26 197
119 37
146 162
185 66
93 195
171 201
46 35
126 49
185 25
226 150
238 139
250 108
84 87
203 242
122 22
215 136
131 118
124 118
229 81
180 96
76 128
177 213
217 126
230 217
70 56
231 178
169 132
68 235
106 92
132 50
106 95
108 222
224 246
108 92
97 12
239 147
112 219
213 246
200 142
214 159
130 131
186 130
54 121
31 235
217 224
207 161
151 218
224 167
31 250
72 238
202 93
32 250
133 165
38 224
176 26
126 131
128 32
45 39
107 81
185 28
220 247
153 84
71 176
101 139
131 249
210 145
180 32
229 55
14 180
71 27
38 20
13 244
28 70
237 36
92 198
182 237
164 114
12 92
103 144
105 232
150 184
65 196
138 145
174 221
172 177
201 146
72 43
226 79
140 58
136 161
138 218
194 104
75 13
102 22
189 60
241 46
157 85
196 21
27 203
133 206
44 153
43 206
98 128
53 54
215 137
223 215
28 51
168 141
236 250
232 225
135 31
141 89
187 149
81 40
76 22
224 218
104 218
82 119
28 151
19 147
113 249
31 53
38 158
156 12
79 73
222 203
178 214
218 34
233 109
118 234
214 228
94 117
149 141
132 246
64 18
40 17
185 11
12 166
134 26
234 160
132 98
210 73
215 230
98 232
174 101
91 70
175 201
43 61
167 19
237 153
129 223
157 102
150 57
17 176
242 147
236 118
21 32
187 185
216 78
152 172
194 248
42 143
228 19
83 20
130 24
59 153
223 26
131 206
243 163
10 47
42 36
113 227
40 50
34 104
79 223
224 211
213 241
128 246
97 19
213 162
171 238
236 208
141 47
79 44
36 211
10 192
201 39
183 128
203 28
235 55
207 19
189 148
18 160
96 112
222 223
111 94
128 89
82 130
161 19
210 133
188 98
54 183
209 148
58 209
230 119
141 174
229 84
205 88
83 235
219 223
192 102
53 20
174 219
108 166
61 128
242 95
46 237
191 10
153 98
210 138
176 102
104 139
230 62
70 237
88 46
136 176
90 157
135 165
98 109
73 166
232 191
63 17
118 116
106 94
132 104
143 213
146 220
222 188
88 128
91 212
221 206
136 61
171 48
72 120
42 71
32 208
244 146
237 129
141 241
216 24
49 206
206 213
23 135
201 123
139 95
109 209
189 74
169 133
213 58
109 146
230 150
109 17
91 208
153 80
146 233
159 167
219 112
59 188
197 90
234 66
43 51
139 38
117 25
88 101
95 172
66 104
63 226
221 80
49 76
182 38
240 180
191 65
206 14
115 199
36 84
238 116
153 18
60 89
156 236
168 31
114 203
111 205
201 176
145 129
237 100
99 127
154 89
62 174
42 147
230 132
56 19
16 218
166 79
200 146
223 138
44 192
167 168
60 97
17 243
116 150
103 135
133 51
222 125
188 187
211 199
160 138
206 61
29 211
204 95
46 96
115 112
241 114
68 129
145 170
231 91
100 95
178 102
233 151
99 63
76 207
20 128
42 228
157 192
128 96
238 69
200 201
205 93
213 37
111 243
148 116
14 11
123 135
247 158
37 215
156 23
213 45
51 167
142 39
203 156
224 159
205 216
22 33
173 217
114 162
66 203
131 59
37 232
117 203
168 63
218 66
73 164
74 236
79 202
166 242
186 105
247 249
114 54
10 159
65 211
153 200
59 162
144 192
161 196
123 69
187 37
99 16
71 115
226 138
76 175
41 92
38 192
181 209
130 195
178 11
201 89
135 202
146 99
123 89
111 187
208 168
95 37
87 235
246 220
190 135
132 159
234 219
19 221
198 19
81 218
27 97
56 111
174 114
155 188
151 23
120 17
147 77
234 230
232 10
212 56
97 193
94 212
147 128
117 182
132 99
74 232
83 93
17 187
250 66
203 33
234 245
250 129
246 134
95 14
20 247
50 30
205 155
237 240
164 231
135 20
55 167
105 118
50 27
32 35
22 220
174 145
43 126
199 46
142 128
99 62
16 116
82 148
46 145
175 172
45 123
245 149
20 207
102 137
171 33
78 204
94 91
141 112
13 143
20 140
133 144
57 191
162 208
206 232
75 17
107 73
244 225
47 50
149 198
227 117
138 237
65 58
137 55
128 187
224 108
175 154
142 72
185 67
198 143
68 142
85 81
181 143
91 243
171 223
27 89
228 232
152 117
101 112
103 132
190 179
124 232
186 231
203 152
39 170
82 89
83 184
218 221
124 44
198 210
123 190
51 199
207 78
235 213
43 87
228 183
33 33
191 195
154 32
160 75
192 45
142 95
124 67
224 68
183 61
182 115
203 27
21 199
227 145
158 95
33 220
212 79
91 197
193 247
146 110
59 177
94 238
159 67
213 45
61 116
113 194
156 197
174 100
143 212
85 37
248 109
15 177
175 237
167 187
107 206
92 107
19 250
77 224
62 78
214 136
88 28
12 34
96 227
94 156
95 193
218 42
83 159
138 57
86 121
92 48
150 95
37 64
105 144
35 185
24 220
35 94
185 99
190 155
94 107
39 193
236 236
161 212
108 59
207 91
191 16
234 184
15 74
147 52
233 150
64 79
249 45
57 95
149 119
54 225
233 179
12 34
124 232
225 167
44 10
230 44
80 196
190 148
83 91
230 37
169 240
148 20
151 10
86 242
116 224
66 248
96 241
192 241
30 79
132 18
150 165
104 62
142 12
244 188
139 148
242 24
157 110
203 178
168 101
185 191
60 199
123 56
125 111
217 244
181 199
137 87
33 131
184 35
49 53
156 116
242 173
22 242
148 159
58 147
94 226
29 172
13 169
167 83
12 144
228 123
130 225
250 211
167 105
25 76
169 10
234 178
17 218
85 232
70 92
227 175
38 59
126 212
80 191
144 10
62 126
49 74
190 113
244 62
194 59
249 26
78 121
240 140
52 151
212 104
245 56
155 235
187 185
227 94
66 143
204 199
204 92
161 124
128 26
213 59
123 247
53 198
123 19
194 183
204 174
86 208
186 73
167 89
13 236
129 232
190 149
247 123
165 78
168 205
236 48
95 223
59 177
17 241
242 245
68 95
28 62
164 154
109 70
113 101
87 245
135 220
92 112
220 116
133 107
212 137
129 161
65 75
204 78
66 93
176 108
64 15
67 107
132 171
68 178
115 27
59 116
12 166
109 41
93 84
200 114
126 95
14 175
55 201
230 85
194 102
219 30
30 218
164 248
209 154
51 68
211 100
96 91
190 211
61 203
136 148
96 27
172 214
102 242
243 134
205 71
36 89
183 144
180 28
27 221
226 165
193 51
12 146
65 24
207 27
176 217
228 201
241 159
104 36
217 185
56 42
190 16
60 95
42 31
97 242
136 88
216 121
216 38
43 13
63 240
109 122
197 212
220 60
115 219
248 16
35 20
238 73
43 178
230 110
46 237
152 20
83 138
42 51
213 152
116 151
210 228
168 103
140 155
153 110
12 242
58 207
23 192
221 66
58 227
245 17
182 89
66 161
140 160
149 184
101 127
88 203
244 156
41 210
175 247
172 245
118 78
25 22
114 215
233 221
36 247
209 111
72 215
207 243
177 45
209 231
240 34
143 93
222 178
205 200
176 191
43 134
152 136
25 203
54 27
88 111
138 47
224 218
236 82
216 152
171 65
34 142
35 233
177 18
41 14
46 144
222 72
249 146
243 216
238 113
181 40
186 124
131 170
225 209
40 108
127 112
211 33
155 212
113 194
23 100
48 86
32 90
121 55
237 68
43 62
184 130
117 140
35 214
99 172
234 84
35 110
219 53
70 134
40 59
46 235
18 14
135 106
148 149
116 196
121 107
117 194
177 151
219 159
155 206
84 73
48 131
234 226
58 135
82 221
193 87
102 176
94 57
32 201
85 139
142 38
66 222
224 46
26 132
40 91
168 133
143 33
114 152
139 218
136 11
13 238
131 51
152 229
204 67
136 47
173 183
138 46
84 51
56 129
250 21
178 16
200 238
151 57
60 203
158 70
26 136
193 103
124 207
154 36
128 16
190 203
89 163
10 214
134 23
124 232
239 14
208 18
185 12
207 36
11 103
104 193
168 190
132 191
225 235
99 156
216 169
66 202
185 88
41 150
237 213
90 104
133 163
209 136
158 13
169 138
93 158
11 82
91 38
182 113
136 190
244 170
143 55
136 72
79 162
215 233
86 67
189 247
101 101
128 242
40 110
88 113
193 207
241 244
184 55
60 36
134 16
127 24
118 87
95 110
33 93
153 204
168 144
122 13
142 163
185 16
124 130
50 24
11 230
92 129
193 153
151 202
111 115
132 64
113 172
152 89
53 208
244 221
186 71
174 245
26 227
10 206
179 160
184 238
31 158
13 235
220 53
113 23
87 66
40 73
164 164
180 24
245 148
231 35
62 42
66 66
211 172
145 18
164 211
164 73
107 99
42 163
101 182
90 108
125 82
15 224
170 89
157 72
47 95
125 210
112 218
67 81
77 26
169 164
30 58
22 17
84 201
92 69
225 143
136 42
119 179
95 229
205 68
206 190
171 59
243 198
163 179
79 127
188 191
134 227
204 113
93 224
98 177
37 103
110 42
52 165
217 109
94 124
204 138
137 236
83 213
50 217
28 97
235 210
187 37
200 82
17 172
203 18
68 87
200 55
92 153
30 228
49 155
37 185
231 218
57 39
49 117
29 117
133 133
61 53
238 16
44 95
216 195
247 151
97 138
59 211
94 100
143 27
102 54
59 223
131 164
144 151
132 159
99 197
212 193
138 212
232 49
79 213
31 155
231 120
172 48
23 247
217 125
15 43
212 168
243 149
22 161
97 191
134 61
98 76
115 107
229 159
99 235
207 198
67 133
83 132
92 209
179 42
148 132
246 227
169 86
63 238
226 194
12 73
180 39
98 242
242 82
230 94
155 14
45 233
116 180
99 120
239 199
218 137
110 44
174 214
227 140
188 30
126 71
19 34
244 67
186 83
44 122
232 198
99 125
143 46
25 172
64 134
236 85
172 98
162 85
246 203
51 59
146 179
199 189
168 43
145 166
240 204
243 12
250 181
230 63
170 18
14 187
246 40
137 153
70 102
13 125
29 238
10 237
172 18
96 46
249 132
180 153
44 100
238 165
227 248
214 40
135 103
43 21
127 55
132 100
162 185
150 244
71 102
147 167
151 106
86 80
58 246
113 230
227 11
183 170
236 197
11 175
142 34
223 230
187 85
128 112
33 71
65 219
62 59
189 171
144 86
170 165
31 243
165 60
194 17
111 68
175 149
182 56
123 69
208 101
70 47
177 125
14 102
102 179
87 150
190 28
195 135
26 226
50 54
81 24
47 109
91 170
150 106
39 114
135 71
67 243
196 47
240 194
54 116
202 32
168 76
215 73
64 121
176 186
243 139
48 225
234 234
144 129
224 77
13 249
171 216
143 177
23 116
87 69
95 71
174 22
128 193
162 37
27 45
240 146
49 235
170 188
236 119
224 137
210 166
134 127
107 214
166 41
211 52
143 182
120 221
21 237
149 173
103 169
107 139
234 119
51 217
52 244
192 32
139 39
165 42
210 14
123 178
228 118
240 186
88 26
101 161
179 107
150 191
250 115
109 209
97 16
89 152
118 48
200 173
186 85
163 167
23 56
212 83
58 244
227 12
173 248
90 191
149 165
149 199
51 74
138 232
175 24
85 69
192 45
112 116
16 119
234 223
207 86
93 215
121 110
237 48
132 31
52 85
151 11
227 180
98 240
57 66
57 102
228 225
203 245
216 71
86 77
141 95
240 150
178 127
50 23
74 68
117 126
48 97
119 132
43 65
94 154
92 210
105 238
124 31
87 28
66 145
240 61
170 144
41 42
39 109
79 78
171 177
130 134
209 127
162 79
99 92
219 178
235 127
175 185
25 22
26 58
29 48
242 26
32 106
222 248
117 179
181 154
223 231
137 45
135 123
17 98
184 29
116 110
138 32
21 32
203 22
195 59
123 73
250 212
121 151
21 42
82 227
244 191
158 179
14 166
70 14
23 68
50 22
238 185
20 51
13 44
131 233
164 241
188 121
191 22
123 155
83 116
178 96
120 36
245 118
231 159
70 101
203 158
212 39
149 108
195 202
99 230
120 180
108 170
99 133
242 225
241 159
249 33
143 96
213 215
26 20
130 68
187 160
140 23
121 230
66 42
165 35
54 73
211 103
60 103
118 110
86 58
143 208
171 71
215 122
218 143
170 34
32 166
46 134
237 57
130 237
161 210
38 37
45 183
58 157
40 245
201 51
76 90
207 51
44 135
221 188
140 74
175 15
196 62
203 41
63 145
235 116
62 143
101 65
79 106
105 84
34 122
130 227
194 66
38 172
25 22
196 228
206 119
41 169
186 181
159 62
95 67
34 13
56 84
238 223
30 45
230 185
162 40
34 150
20 189
28 27
14 178
157 248
71 142
13 38
125 117
161 245
69 52
142 90
28 203
78 73
215 177
107 216
34 126
52 231
107 10
132 62
54 238
50 22
108 237
153 182
250 238
221 81
81 241
148 226
67 158
58 144
103 179
157 190
144 170
74 193
193 159
94 121
244 157
107 10
27 245
65 182
112 208
123 231
28 23
56 38
83 16
133 144
248 174
152 196
96 110
151 202
122 157
249 87
21 65
228 86
142 118
71 146
239 45
89 60
26 17
209 136
122 175
243 215
139 129
58 38
196 49
69 77
186 97
245 32
130 96
191 202
10 113
165 166
63 85
161 93
64 54
185 54
53 145
248 165
39 147
60 221
142 217
191 137
200 158
225 180
169 128
108 71
183 183
115 179
141 204
146 247
52 173
109 207
25 126
132 26
231 84
112 23
76 151
124 173
111 202
39 192
49 49
230 28
54 71
79 111
83 157
99 213
131 99
203 69
170 66
170 235
185 142
155 75
234 46
214 250
197 189
156 109
22 215
105 77
187 197
171 189
196 202
232 157
195 99
244 34
227 57
89 193
176 144
173 236
130 33
231 53
98 63
54 87
61 198
189 249
177 70
54 152
126 165
41 82
96 40
67 186
169 67
102 211
216 130
191 146
151 75
172 18
157 223
239 163
79 114
196 11
164 112
19 126
17 185
122 222
97 104
235 109
161 126
121 193
143 33
199 170
223 225
94 231
92 127
128 99
65 99
174 10
152 75
109 222
192 60
190 205
234 21
107 22
231 207
29 69
108 153
116 118
67 201
190 72
79 176
150 238
10 195
248 226
215 96
34 12
117 83
117 145
223 114
35 83
202 151
136 77
209 40
63 127
237 136
89 12
113 166
155 92
28 95
33 212
69 89
58 209
195 235
12 119
191 21
90 88
110 181
64 18
102 68
200 129
226 71
205 137
223 55
237 229
61 174
165 81
124 200
14 122
83 227
65 103
136 59
220 136
98 16
210 246
127 158
20 139
16 32
178 240
154 234
230 55
112 172
171 24
189 134
137 137
159 26
106 248
177 213
81 227
106 213
166 168
178 36
172 200
100 218
232 106
47 35
74 244
186 230
140 218
115 225
227 122
127 44
226 224
231 98
231 246
42 200
161 53
220 27
167 146
40 75
115 210
56 164
59 77
201 198
45 183
82 91
30 232
120 28
243 174
62 116
226 49
188 129
102 98
174 187
83 178
131 167
160 24
84 167
82 122
108 83
54 86
78 10
163 208
222 124
94 41
16 203
213 140
202 44
169 68
175 73
158 54
65 60
94 197
90 88
55 186
201 30
204 78
168 163
16 24
250 79
190 188
92 49
188 61
201 239
197 151
221 248
240 179
210 64
44 47
158 88
89 91
216 124
158 157
182 82
113 55
130 207
116 183
45 135
55 191
210 61
134 113
73 30
78 92
50 24
191 154
122 158
169 112
60 171
41 87
94 227
38 17
149 15
22 132
134 46
25 49
150 59
193 117
150 200
75 83
239 147
77 160
23 123
91 107
136 175
64 236
214 209
59 110
137 29
39 130
15 18
203 39
133 221
219 53
17 116
70 205
225 123
28 49
151 122
105 136
20 127
39 146
42 44
189 29
46 45
157 61
228 157
233 220
129 41
222 73
24 194
225 30
240 188
131 37
189 111
80 37
91 165
70 239
245 107
33 55
156 166
245 200
68 72
246 150
185 134
74 174
72 82
114 215
97 162
37 22
25 21
236 164
39 228
166 78
22 79
38 107
70 49
131 120
238 114
171 38
102 73
249 244
150 77
215 60
208 189
50 176
18 205
244 173
102 66
93 20
162 21
13 233
27 85
242 20
100 230
79 159
26 19
63 225
79 157
115 248
181 239
39 175
35 28
115 145
197 207
169 23
97 172
212 68
150 155
44 66
80 73
57 238
205 22
117 170
112 157
79 49
193 205
213 74
52 228
71 144
101 182
221 191
115 91
248 54
138 152
67 147
65 250
145 226
104 96
72 243
223 63
242 59
67 160
194 234
93 158
112 166
19 152
168 110
79 146
113 82
247 177
207 193
118 222
98 148
95 106
61 65
133 205
191 221
110 197
215 203
125 28
117 67
146 159
22 238
173 85
79 147
133 27
225 179
245 42
31 188
175 113
20 171
14 207
88 161
154 182
35 221
76 123
115 93
165 238
41 160
61 110
186 127
161 159
91 168
49 96
99 35
125 150
246 66
77 240
147 37
221 177
137 221
130 155
153 29
249 130
230 46
226 225
175 136
183 144
51 28
22 136
222 185
164 11
200 190
129 25
25 136
105 22
135 204
192 64
113 69
122 122
193 227
98 53
186 72
172 22
197 156
188 109
154 123
174 240
230 17
38 80
136 70
18 221
232 109
87 244
35 191
107 170
105 41
32 225
222 83
181 85
56 145
125 140
19 223
119 45
83 232
118 164
247 239
142 41
115 141
141 11
217 93
117 16
233 119
60 191
75 199
131 130
162 90
138 139
63 70
18 10
177 74
148 100
153 78
210 216
103 127
20 137
109 19
230 210
97 198
178 27
128 115
84 213
141 241
227 163
169 184
64 95
105 159
239 22
108 18
123 210
136 208
63 171
148 122
161 54
48 18
116 166
55 91
188 34
98 97
72 134
108 199
203 107
80 112
196 149
198 207
68 233
210 162
54 228
190 249
221 159
27 47
98 250
212 35
113 83
192 100
149 151
157 100
234 164
169 110
99 226
67 147
148 121
85 37
153 102
172 93
57 37
23 146
165 26
105 41
123 125
195 127
181 67
130 185
152 119
226 122
247 95
11 73
75 225
187 126
150 110
42 127
214 96
194 245
195 212
191 161
198 181
59 103
204 219
195 223
239 110
127 107
65 100
45 152
53 83
183 236
139 113
102 227
29 238
142 15
97 222
189 208
231 158
82 169
187 57
114 229
199 145
127 233
140 207
216 52
90 56
94 234
41 143
33 76
38 126
83 17
78 151
98 146
127 86
229 101
214 11
59 117
33 245
169 18
180 245
80 86
40 242
128 67
103 61
123 175
187 216
97 160
135 19
177 22
247 239
182 59
220 125
223 49
103 23
242 48
237 82
136 147
207 236
168 139
32 249
153 245
26 162
36 173
90 155
160 245
20 77
164 178
181 70
53 156
195 27
25 130
127 168
78 200
194 131
86 179
101 178
174 19
191 114
101 37
172 100
190 234
132 24
240 160
110 70
43 193
70 158
26 146
10 73
212 154
87 93
120 38
89 112
72 222
132 159
69 18
138 242
144 198
89 247
142 98
79 244
149 197
37 229
193 29
232 199
166 71
89 249
177 95
117 131
139 147
106 140
38 176
76 13
29 172
75 232
40 126
13 67
54 96
32 225
126 50
12 77
209 45
118 81
87 200
230 238
49 30
151 37
184 101
229 51
158 114
212 86
146 73
238 52
88 119
134 43
234 161
202 184
79 64
39 117
28 69
148 52
204 83
201 42
100 103
91 223
10 38
232 145
96 149
246 196
95 13
132 35
127 204
97 205
66 217
122 76
63 84
32 115
160 209
243 111
46 83
10 155
148 70
171 39
86 164
86 99
235 38
23 100
60 80
151 87
94 235
202 191
132 20
220 32
67 29
241 94
238 147
169 37
73 53
183 72
115 19
55 74
36 23
182 97
118 103
202 24
138 124
14 113
233 177
49 204
78 65
106 180
96 118
218 64
107 21
232 17
163 58
114 177
179 147
219 59
71 228
169 169
246 27
94 88
227 44
50 24
92 64
46 16
28 86
179 140
204 181
71 144
98 31
197 93
34 18
70 151
209 138
148 24
193 188
51 175
84 151
35 207
138 169
190 172
89 241
87 229
10 229
62 74
72 67
83 179
241 162
33 227
59 219
116 227
186 76
72 100
18 235
248 139
60 220
97 66
206 69
27 131
39 226
226 244
106 121
98 227
52 127
195 155
178 93
161 31
43 22
240 229
216 214
84 212
107 82
195 35
216 52
86 112
229 26
241 109
166 15
71 78
19 51
32 212
33 239
72 230
186 96
45 199
218 115
24 24
63 16
145 232
36 44
56 135
103 15
134 145
113 249
184 140
101 173
236 250
82 146
244 182
248 16
107 156
131 184
130 46
238 248
220 10
123 40
162 145
31 138
62 58
137 164
226 43
110 240
92 186
152 238
98 123
28 175
70 40
240 105
113 18
249 150
152 232
147 25
183 131
200 226
166 33
81 26
155 97
30 127
66 65
246 41
98 176
183 162
236 142
86 162
102 173
191 223
96 180
124 118
92 180
33 243
250 218
120 38
89 237
249 112
26 28
147 69
25 77
105 144
158 202
209 245
191 90
51 139
18 107
153 104
114 178
209 160
143 145
14 173
20 171
184 139
210 39
198 106
64 198
88 68
101 213
55 188
37 228
244 170
116 68
83 175
244 187
77 120
70 235
159 187
17 141
150 58
77 79
146 106
89 138
93 33
61 136
192 219
104 43
236 200
52 48
30 244
122 180
139 91
106 55
188 27
34 240
197 95
181 144
185 223
127 198
11 192
79 118
78 155
173 106
15 61
172 26
11 62
202 34
24 231
52 21
226 59
144 81
99 169
25 57
23 102
52 113
194 59
71 14
94 176
102 171
111 168
107 233
199 33
33 209
248 116
92 124
84 135
242 47
62 232
211 41
112 233
159 93
44 81
189 110
244 14
83 179
186 210
60 68
248 66
11 10
89 29
241 146
68 223
25 152
73 154
45 154
64 56
80 99
208 19
32 147
231 159
173 249
102 183
167 75
248 20
66 65
69 242
177 176
15 55
46 80
125 46
139 160
228 97
129 170
24 160
127 89
248 85
240 199
229 46
162 116
245 104
113 22
10 13
99 198
153 191
196 119
102 80
45 202
108 48
85 102
207 74
11 186
218 50
107 213
38 246
49 211
221 104
242 190
223 112
227 30
40 164
144 188
175 149
119 132
98 86
31 206
209 172
169 180
204 151
64 205
21 241
122 179
134 198
176 219
50 10
11 92
225 163
101 51
46 97
170 200
52 213
78 32
61 177
103 216
106 229
148 240
197 147
161 110
72 155
243 213
102 188
220 142
193 46
153 174
161 178
71 237
179 17
34 128
38 114
225 98
216 135
40 122
61 202
157 217
15 90
46 79
195 25
132 121
120 45
210 152
197 186
176 125
155 75
140 141
249 213
39 197
147 123
196 78
72 112
85 168
28 18
62 112
36 45
180 86
46 83
130 60
33 230
226 69
99 155
95 181
158 246
85 210
196 184
42 47
169 173
211 47
112 76
92 174
17 112
36 114
178 17
27 200
103 210
215 80
86 173
176 195
195 44
147 29
122 238
204 245
135 142
246 65
158 162
204 32
65 214
98 223
215 54
222 70
64 236
93 14
240 58
64 93
176 122
29 133
49 40
74 159
131 178
81 141
59 226
28 120
17 249
116 167
231 238
224 224
236 192
75 214
31 70
166 244
17 154
22 218
226 184
190 144
229 168
146 25
125 207
60 53
155 196
155 24
93 109
167 92
116 122
36 60
210 150
235 20
20 46
210 221
16 18
238 35
165 31
115 207
213 151
27 40
19 53
172 63
38 212
65 122
113 162
231 42
194 117
97 204
177 37
179 211
144 205
19 198
127 128
229 166
155 82
234 131
165 240
182 74
18 176
48 196
60 212
222 162
44 18
242 27
247 103
167 34
119 28
225 161
219 220
146 92
45 190
17 129
112 222
42 27
60 141
67 166
53 106
71 99
56 207
80 37
147 115
220 224
17 129
41 195
25 227
137 53
66 93
221 78
65 138
177 241
231 147
143 108
224 132
134 222
159 122
148 203
114 180
95 232
116 190
189 210
48 151
46 152
10 185
138 196
61 37
144 228
242 118
231 249
153 125
249 45
68 131
137 21
124 81
61 59
191 186
60 132
179 174
167 218
114 130
89 71
128 103
111 236
210 239
63 165
19 85
144 179
64 18
228 88
53 193
35 145
173 64
173 232
26 168
123 163
191 226
16 150
42 179
23 245
74 83
170 75
246 55
124 67
167 156
159 17
109 121
77 47
122 86
151 201
60 201
128 119
244 148
179 88
144 75
39 190
201 162
116 77
50 175
148 183
179 148
247 234
249 140
15 135
118 146
218 182
187 96
183 42
76 79
173 141
21 240
218 198
154 238
71 27
27 71
50 28
164 58
222 108
76 104
16 48
245 31
210 110
22 109
234 88
129 54
130 93
100 31
211 24
120 43
134 198
115 90
218 79
83 59
90 180
239 43
140 48
126 237
114 230
97 25
30 237
168 129
74 63
165 199
147 54
69 89
160 187
114 186
217 218
115 229
16 237
120 164
78 225
53 247
115 120
193 168
53 118
20 34
249 110
44 119
31 112
141 93
35 54
240 38
89 142
203 137
222 242
145 237
86 24
166 192
219 94
67 20
80 159
105 23
38 81
138 202
170 20
194 173
186 51
106 156
76 186
223 205
99 81
140 217
47 202
184 68
228 116
84 92
197 57
95 49
37 75
105 197
161 60
245 18
38 126
27 248
173 53
234 40
241 45
172 54
170 89
26 153
194 199
99 208
178 21
228 32
14 23
40 135
187 231
180 161
192 77
45 20
10 83
78 160
176 90
217 44
115 150
53 110
61 61
44 72
10 168
235 247
188 35
220 185
132 156
14 136
28 132
50 161
42 93
239 202
62 56
117 138
122 223
38 16
107 204
209 109
57 182
25 231
196 101
120 246
17 198
190 50
96 127
187 215
140 228
145 166
20 183
82 249
114 223
140 124
136 143
62 40
170 77
135 112
87 152
44 216
57 208
175 177
215 112
63 28
219 169
117 67
16 86
203 48
138 117
179 226
69 66
75 37
62 10
84 114
17 177
209 31
237 28
242 103
152 246
85 75
25 169
11 33
70 97
215 195
96 81
51 208
146 222
244 179
140 174
28 203
176 244
144 197
202 200
191 130
92 53
216 151
11 171
37 92
173 224
96 238
109 216
72 58
112 58
227 38
33 233
162 133
209 25
143 239
96 52
98 167
118 156
50 173
115 35
194 230
134 68
140 90
80 130
246 99
148 201
127 59
48 15
204 22
241 228
183 220
112 202
117 180
79 107
40 87
163 33
190 130
46 239
194 205
187 94
68 222
201 191
158 170
37 235
224 15
13 35
250 174
236 45
89 82
117 150
131 181
41 112
57 113
238 19
116 11
109 26
139 215
207 73
194 139
157 164
168 16
15 197
77 174
247 242
95 130
74 186
104 141
228 109
68 187
245 75
147 50
214 144
64 51
57 40
32 59
31 128
40 156
90 47
27 34
104 45
83 125
181 43
25 59
70 46
117 127
134 128
70 59
117 52
85 77
131 187
182 154
166 182
35 194
115 206
248 113
81 58
220 38
103 35
244 174
87 132
155 86
22 138
96 220
192 156
107 61
52 229
239 146
73 56
19 49
20 120
121 73
48 175
238 216
143 200
109 90
128 62
122 193
133 101
214 183
27 54
150 118
55 138
100 229
134 76
98 103
240 165
207 138
227 213
248 40
176 20
59 135
237 36
32 84
188 56
192 240
185 202
36 148
176 233
238 160
154 192
159 249
158 79
59 194
106 200
11 202
20 139
165 231
210 112
199 170
146 87
62 74
28 204
128 99
111 110
169 240
88 43
30 121
43 172
85 112
151 53
90 56
164 229
230 218
216 35
204 219
156 10
218 205
239 152
43 107
148 209
76 44
147 114
37 11
211 39
22 38
139 181
149 200
121 145
235 198
132 140
20 173
197 214
136 84
24 26
129 226
44 12
61 34
124 105
30 14
86 125
153 36
76 181
134 174
234 201
248 234
235 18
48 17
74 85
217 83
49 114
162 87
156 220
29 151
119 73
194 159
12 166
54 56
157 196
44 171
76 155
135 11
61 38
45 135
65 109
123 61
145 117
246 62
76 17
86 239
92 50
84 110
196 168
154 78
161 211
238 82
228 93
85 127
207 193
127 189
156 75
144 34
231 187
163 169
98 163
38 237
141 113
112 74
12 161
155 194
132 186
244 98
54 204
239 133
175 104
205 206
189 153
156 116
198 13
96 208
149 25
223 174
201 187
185 51
118 113
70 248
13 247
21 197
93 121
243 11
202 231
63 198
127 150
138 242
247 176
204 16
223 90
109 187
81 14
62 220
175 131
80 46
125 186
142 74
185 136
210 71
90 225
104 25
100 37
104 174
71 82
188 121
89 166
207 106
186 212
215 145
201 178
142 136
184 159
82 235
161 175
118 47
18 243
180 108
182 243
68 128
235 97
242 241
244 72
83 14
18 105
58 69
235 228
175 92
93 230
122 249
169 52
87 175
185 169
125 82
153 115
131 24
102 53
84 205
29 11
89 136
174 155
154 157
149 39
184 56
102 145
233 44
88 25
32 177
205 35
170 75
179 58
222 98
45 34
169 38
91 76
67 50
120 89
61 216
103 22
183 126
87 99
90 95
48 205
111 195
107 144
32 117
19 156
116 214
183 191
73 85
179 141
58 165
85 28
166 63
97 157
164 95
143 140
225 100
239 36
213 218
98 246
192 93
32 152
127 129
23 190
69 193
85 227
152 198
82 190
167 241
101 92
244 46
35 69
31 148
154 237
193 207
55 211
246 124
161 238
162 204
119 94
195 130
235 36
77 189
234 141
130 139
236 128
68 77
52 180
244 188
94 74
159 139
188 104
170 84
50 70
200 225
45 133
67 142
72 187
18 48
21 171
79 197
227 53
139 231
145 200
236 25
20 25
157 15
142 152
60 20
160 176
189 131
158 242
122 63
198 190
11 200
239 50
164 244
188 212
60 175
205 29
107 58
192 89
157 103
41 124
91 196
144 150
114 70
15 145
250 88
197 75
249 106
72 162
38 237
208 42
221 148
192 139
210 90
189 148
229 178
163 119
15 231
125 168
101 198
130 238
243 143
55 178
25 27
186 22
155 39
138 243
46 80
198 72
61 13
198 44
220 240
53 42
135 44
61 188
81 65
223 240
58 87
79 67
126 137
61 45
33 181
167 246
198 209
23 166
246 191
153 72
160 168
89 36
218 88
139 18
51 104
214 147
64 233
92 169
182 43
66 105
123 243
176 34
18 51
33 206
58 108
245 42
234 180
54 99
26 94
64 196
106 68
237 128
187 247
185 33
104 163
82 224
84 250
201 221
49 158
174 37
43 26
66 90
230 45
130 154
109 227
143 121
50 76
200 45
218 231
26 146
160 81
196 124
149 185
19 132
215 73
125 20
78 185
56 71
209 243
59 142
170 35
213 143
190 13
117 81
92 122
17 221
197 247
154 15
141 42
158 244
32 92
99 138
15 237
245 183
176 181
163 228
227 37
44 100
37 108
172 138
121 165
193 102
148 150
53 203
35 222
25 74
182 241
172 111
99 120
172 78
99 125
125 45
235 29
201 140
78 183
50 222
115 28
42 212
213 148
20 60
234 54
44 76
26 28
144 25
53 142
242 216
27 108
162 181
118 243
194 202
250 167
106 179
99 201
249 178
17 38
45 230
220 225
193 232
170 220
105 190
202 44
135 39
83 129
84 30
172 120
100 36
132 85
20 110
106 241
69 150
27 45
193 13
67 180
172 74
71 178
100 88
57 15
13 50
112 122
14 53
149 188
231 186
237 153
126 138
177 247
58 109
34 97
19 137
226 37
101 227
19 104
40 216
114 148
17 123
229 45
188 62
30 125
35 217
180 42
83 131
196 68
73 132
52 106
231 216
155 209
12 96
169 134
241 240
77 39
206 100
25 211
213 75
225 155
17 113
80 65
203 240
182 66
74 140
212 86
84 73
150 232
110 174
137 144
50 219
173 29
223 95
91 138
213 150
123 225
247 213
222 167
225 216
108 228
200 49
21 99
151 211
180 109
239 11
90 108
158 190
72 205
97 200
208 25
242 14
175 71
43 24
156 199
173 128
162 223
94 45
77 175
183 214
237 177
134 29
194 47
111 153
32 156
50 11
204 176
196 21
144 201
111 119
166 95
202 103
113 131
206 205
160 201
211 105
246 19
85 16
198 47
169 134
101 140
66 167
200 121
198 246
25 63
71 102
70 96
180 57
63 139
38 172
198 48
116 17
194 244
141 142
189 153
130 86
167 207
161 184
59 150
213 224
175 146
103 128
174 58
32 176
187 122
67 69
134 142
37 59
130 166
155 217
77 78
18 25
191 161
95 223
110 71
143 197
227 241
136 209
231 46
188 84
53 158
18 58
151 16
36 148
117 41
209 126
144 14
189 228
140 42
13 233
16 132
114 245
89 165
26 51
146 87
47 223
163 127
144 216
208 240
26 162
195 11
98 191
52 65
115 242
187 140
14 136
211 24
70 50
237 94
41 106
57 192
26 230
194 140
250 108
222 208
180 174
50 57
230 168
46 189
139 54
84 26
221 79
90 229
46 246
26 27
108 101
226 237
181 135
148 54
177 59
213 34
65 81
80 223
63 58
101 45
214 223
148 112
122 35
83 245
214 113
13 220
148 193
54 39
245 58
16 62
204 235
107 61
190 194
150 103
67 93
112 40
18 59
103 71
117 212
67 224
127 227
98 55
196 134
134 202
42 217
110 61
245 239
135 203
21 58
68 179
139 178
71 197
55 82
42 142
166 155
226 174
76 105
241 38
193 123
154 200
89 99
246 152
42 231
61 212
200 113
38 222
19 49
59 161
243 117
177 140
243 213
139 84
154 139
231 74
139 167
249 51
59 21
80 189
145 232
80 54
119 100
89 83
69 246
67 128
90 241
19 166
40 197
152 131
113 98
105 147
244 217
96 231
204 109
217 199
70 150
14 24
230 186
141 129
47 109
188 30
95 231
66 73
59 246
34 173
156 215
245 242
180 25
42 142
250 145
191 149
20 134
165 80
92 110
160 22
193 241
246 80
189 142
242 146
91 85
212 16
193 211
41 120
90 249
147 199
79 212
242 111
239 100
149 210
191 166
163 233
209 50
131 27
160 76
93 238
28 211
86 240
195 24
91 70
35 222
221 59
187 175
138 67
212 199
152 185
134 11
168 201
205 202
65 180
47 45
76 82
22 238
73 37
93 109
197 87
39 220
101 150
236 71
192 209
80 170
165 54
48 118
176 10
94 88
121 208
123 66
50 51
164 167
77 94
21 44
65 209
109 14
93 96
186 241
86 32
152 88
233 47
199 43
95 26
177 163
76 91
19 107
97 32
196 113
123 126
166 54
89 92
238 85
82 86
16 162
191 117
144 191
174 89
97 42
35 172
87 169
209 215
196 35
66 100
165 177
223 33
60 74
15 45
92 10
136 122
247 79
26 37
167 206
227 68
36 10
215 111
44 11
132 237
63 88
90 142
47 106
136 158
217 161
110 187
15 98
79 182
175 76
205 235
203 113
189 58
213 61
162 94
142 13
154 94
126 23
17 156
30 101
158 23
147 196
127 189
16 87
203 71
208 57
37 11
244 136
128 154
57 12
181 28
206 60
231 23
49 23
190 28
11 245
181 247
65 48
225 206
135 248
32 250
155 113
134 171
206 200
247 99
60 234
149 32
142 104
20 84
137 115
158 152
248 86
33 52
77 238
162 235
164 147
185 80
240 177
240 225
156 31
207 161
151 47
132 165
27 55
197 108
145 135
195 238
177 237
232 139
135 66
35 154
49 144
35 188
134 171
157 107
203 139
182 247
166 53
46 250
192 211
49 165
77 249
202 160
134 85
65 155
110 43
234 28
195 114
170 44
94 135
215 123
85 242
147 191
147 44
97 193
244 104
47 213
134 75
181 49
106 137
245 103
197 225
190 30
177 85
16 236
118 208
191 20
36 87
206 24
179 145
244 54
31 141
246 72
66 50
129 213
119 14
193 46
128 216
87 36
19 133
111 241
24 35
20 243
141 55
154 183
41 22
184 245
238 197
229 59
86 230
131 180
225 101
212 23
249 75
106 166
55 62
144 89
143 244
113 21
167 69
16 13
64 23
172 228
72 235
202 197
210 136
118 91
223 218
174 173
161 115
183 124
143 142
38 243
108 180
35 137
248 192
68 163
72 210
161 170
167 79
182 35
92 14
95 245
47 34
18 26
30 241
246 163
245 58
199 241
221 38
62 152
231 76
107 204
158 12
29 172
40 156
43 28
23 216
244 154
13 223
104 234
124 34
239 141
214 175
143 199
225 140
190 218
66 195
153 86
48 202
169 231
211 105
140 57
125 79
152 210
67 85
88 134
128 78
14 53
220 213
104 219
142 228
118 214
88 38
63 195
15 112
50 143
190 13
88 193
212 42
199 71
173 239
43 230
84 91
14 76
100 122
55 217
14 70
20 188
108 54
155 178
189 26
139 39
247 29
233 188
27 58
10 209
205 196
65 79
219 116
226 78
202 89
150 35
169 139
196 57
47 105
196 126
153 244
113 32
19 109
28 124
165 116
90 131
70 178
35 210
53 89
213 171
59 210
84 64
106 73
244 191
46 165
204 14
132 30
53 41
245 32
243 223
40 117
10 61
138 131
130 210
100 27
122 38
44 87
115 121
237 174
24 181
158 152
78 232
213 246
213 219
61 228
49 153
105 219
86 236
91 113
62 96
99 89
203 38
223 159
111 47
187 207
83 163
197 225
83 186
113 244
93 205
241 113
184 41
129 97
62 154
173 245
154 64
181 188
105 208
77 40
115 156
188 100
140 39
143 129
221 115
210 46
117 211
201 56
248 128
64 248
23 134
62 144
236 235
196 89
46 107
162 161
67 34
47 209
15 204
114 137
109 68
54 20
231 73
100 134
113 125
147 124
154 197
189 132
152 20
202 137
51 86
25 183
119 94
154 178
169 223
132 44
247 77
109 28
190 162
34 236
15 120
247 140
49 200
49 204
140 118
84 44
168 176
223 223
176 134
84 107
141 139
83 141
162 206
158 162
163 121
150 191
85 236
60 211
58 169
175 149
28 25
115 28
242 127
163 87
27 160
155 121
168 158
73 40
49 50
200 92
90 55
152 81
161 41
36 110
206 90
15 165
131 25
71 97
244 245
205 191
219 244
190 79
233 225
62 19
63 200
239 153
179 206
226 108
217 65
87 70
118 59
71 123
172 169
172 234
61 36
212 49
204 116
24 213
169 245
240 118
135 13
133 223
232 63
122 148
184 175
248 167
169 70
185 143
116 178
19 74
208 86
46 239
62 96
122 156
80 73
11 75
163 93
117 68
186 123
169 11
13 250
41 63
45 32
130 182
56 215
26 63
141 120
204 58
24 43
16 221
154 223
34 65
32 232
73 142
94 151
162 168
59 221
116 211
89 136
29 89
18 50
168 193
66 34
208 79
162 218
192 219
39 114
229 232
59 185
61 123
10 114
100 108
50 127
169 10
124 113
215 18
234 66
215 50
81 167
225 17
243 97
10 111
36 151
120 78
96 55
134 245
231 124
42 182
57 169
41 234
40 186
120 96
75 30
114 11
141 161
129 83
196 138
192 177
119 80
16 118
171 119
246 90
116 218
131 244
123 241
