7100 970
45
4
16
30
21
23
48
33
26
33
30
20
40
5
21
33
41
50
42
33
21
33
47
5
46
7
9
33
8
33
1
9
10
49
33
20
27
31
46
23
43
7
33
33
1
33
25
33
22
31
19
33
9
32
22
42
1
33
1
22
33
13
48
5
8
21
5
40
46
17
25
42
16
46
13
2
33
31
16
9
33
6
2
21
42
18
11
21
7
10
20
49
33
49
20
22
16
33
4
24
20
49
43
12
29
33
33
40
33
42
6
12
24
25
5
5
10
21
5
15
24
21
2
9
32
12
42
10
6
8
33
21
29
48
33
13
17
40
43
13
33
14
24
11
10
22
10
11
25
41
19
5
27
33
40
33
45
14
7
18
48
44
44
40
40
9
47
4
40
21
30
33
5
1
23
43
33
41
5
33
33
29
46
1
5
19
44
17
50
9
15
33
44
45
9
42
18
19
46
49
33
33
1
17
23
33
29
15
16
32
24
28
29
40
33
6
15
13
17
2
46
33
27
4
40
42
33
45
49
33
50
40
33
48
5
28
6
5
45
40
24
42
10
16
13
27
23
25
4
21
12
12
28
33
23
47
20
29
49
33
11
45
29
33
33
15
27
6
3
21
8
27
33
12
42
23
29
1
30
49
19
9
47
33
31
25
7
12
15
40
44
8
49
24
40
10
27
33
40
14
18
50
24
12
28
43
24
12
42
5
33
33
16
33
6
24
22
33
33
31
27
8
33
18
5
25
14
10
22
10
45
49
33
12
42
7
21
31
26
42
10
11
32
22
33
33
8
5
13
4
49
19
17
19
30
16
16
33
4
47
46
46
9
15
3
43
33
5
16
6
48
7
33
6
29
2
33
28
3
43
27
10
32
41
42
31
5
41
33
18
11
20
5
2
42
27
17
8
1
20
12
41
49
70
21
33
4
3
33
44
29
16
26
1
42
33
17
2
9
45
17
9
40
27
48
30
14
33
7
47
10
47
1
3
41
1
42
33
31
44
33
6
11
43
11
29
16
40
26
16
25
47
40
48
3
23
10
33
40
7
33
12
48
28
12
21
1
22
13
28
11
10
33
22
42
32
24
33
33
16
25
49
12
45
25
24
33
29
47
33
31
44
27
48
12
23
10
26
48
43
12
28
13
40
46
47
4
32
7
23
18
27
33
14
30
22
25
33
10
19
23
13
10
3
40
17
14
10
40
33
22
9
33
33
14
4
46
7
3
11
4
31
5
14
47
15
12
20
42
33
18
6
44
44
49
26
11
31
11
22
33
40
33
2
22
49
28
29
14
5
26
20
4
9
18
11
31
8
33
21
44
23
26
33
33
13
33
45
6
33
28
13
24
25
1
2
33
33
6
22
40
30
24
41
40
11
40
47
32
23
20
27
48
44
33
21
31
46
19
30
43
48
40
33
45
21
9
18
16
50
14
49
2
33
4
2
8
30
3
10
48
16
12
9
21
28
17
12
4
19
24
6
42
2
27
32
40
46
16
30
18
33
33
42
44
49
14
33
28
1
2
43
8
41
33
23
33
33
20
45
13
42
11
21
49
47
12
33
12
6
9
4
33
3
16
23
41
23
19
26
2
43
27
29
3
8
33
33
49
20
40
18
14
47
33
21
31
26
9
20
8
16
10
45
50
45
9
29
45
33
13
12
40
33
17
15
6
16
16
42
32
27
28
6
33
2
32
14
7
41
19
12
6
2
8
3
12
19
47
40
27
23
7
28
11
40
4
8
8
17
46
33
33
17
29
6
5
40
13
23
2
50
5
23
41
6
20
49
12
30
32
46
29
20
15
28
7
29
15
10
48
19
6
2
33
33
33
44
33
46
1
21
26
40
1
30
14
9
41
44
9
1
41
17
33
23
5
26
11
30
1
7
33
33
45
33
14
43
33
33
33
33
32
45
30
4
43
27
11
18
42
33
41
9
24
33
33
4
22
3
2
4
44
3
40
19
19
50
31
29
43
31
33
8
30
5
31
41
22
15
33
42
2
23
4
7
32
33
3
46
10
11
12
13
2
7
16
30
7
25
33
29
33
13
21
43
48
33
49
41
3
17
22
6
19
42
24
7
50
33
48
47
21
22
31
1
11
3
26
22
42
29
30
45
24
40
26
50
42
47
3
7
6
10
40
33
7
6
15
6
44
17
5
10
44
24
15
12
19
10
29
46
6
33
29
16
41
1
43
28