7890 760
13		
33		
29		
22		
10		
13		
18		
19		
5		
10		
30		
10		
1		
32		
24		
5		
6		
27		
9		
11		
5		
30		
26		
42		
17		
3		
48		
31		
7		
6		
18		
23		
10		
30		
6		
42		
48		
4		
10		
25		
28		
43		
40		
5		
6		
27		
41		
6		
41		
27		
16		
47		
28		
11		
49		
45		
34		
43		
28		
12		
6		
48		
26		
8		
15		
30		
42		
13		
24		
48		
8		
33		
45		
40		
4		
2		
17		
22		
33		
40		
15		
24		
50		
50		
8		
32		
22		
21		
22		
26		
13		
26		
1		
42		
14		
19		
22		
22		
17		
45		
47		
5		
1		
25		
11		
7		
14		
10		
12		
31		
2		
14		
32		
31		
13		
45		
18		
25		
47		
19		
16		
4		
1		
23		
9		
50		
3		
18		
13		
10		
12		
21		
40		
12		
31		
26		
10		
27		
40		
47		
23		
5		
8		
25		
12		
14		
43		
33		
5		
6		
13		
6		
19		
22		
16		
28		
41		
12		
16		
10		
20		
14		
14		
11		
12		
18		
48		
33		
14		
21		
33		
29		
3		
13		
2		
46		
6		
4		
12		
48		
27		
23		
24		
19		
9		
7		
30		
23		
49		
31		
43		
17		
47		
47		
27		
45		
42		
40		
49		
49		
40		
50		
1		
13		
32		
11		
15		
48		
42		
4		
31		
2		
40		
10		
5		
20		
23		
16		
17		
10		
19		
22		
12		
40		
24		
28		
14		
1		
9		
6		
32		
33		
42		
10		
27		
5		
17		
27		
23		
30		
43		
28		
32		
50		
48		
24		
48		
27		
24		
22		
13		
31		
2		
15		
28		
14		
1		
45		
30		
18		
1		
33		
33		
26		
9		
21		
30		
8		
2		
19		
20		
49		
32		
25		
1		
22		
12		
25		
43		
3		
21		
8		
5		
49		
11		
24		
23		
9		
16		
1		
2		
9		
19		
4		
13		
1		
11		
19		
23		
10		
32		
31		
8		
4		
7		
12		
23		
30		
6		
19		
21		
10		
25		
14		
19		
18		
7		
7		
30		
9		
11		
12		
21		
21		
7		
1		
6		
24		
16		
3		
6		
27		
3		
6		
2		
14		
43		
43		
18		
30		
11		
6		
12		
3		
2		
16		
24		
11		
6		
3		
24		
30		
17		
14		
23		
11		
4		
45		
23		
7		
8		
22		
13		
1		
26		
22		
18		
21		
1		
48		
15		
40		
12		
22		
46		
8		
12		
50		
43		
27		
6		
47		
10		
12		
47		
30		
48		
40		
3		
8		
16		
16		
19		
21		
46		
15		
7		
45		
4		
46		
22		
14		
23		
17		
29		
12		
9		
30		
26		
6		
9		
23		
47		
20		
45		
28		
5		
45		
18		
41		
23		
48		
3		
10		
27		
25		
16		
26		
25		
4		
4		
2		
49		
11		
10		
8		
5		
45		
2		
21		
19		
5		
45		
25		
21		
43		
17		
9		
23		
24		
49		
21		
44		
7		
5		
19		
5		
11		
42		
17		
45		
24		
29		
5		
20		
12		
28		
34		
2		
9		
3		
8		
29		
26		
10		
9		
33		
29		
3		
47		
7		
9		
17		
43		
31		
20		
4		
23		
23		
14		
2		
9		
4		
42		
3		
20		
21		
21		
5		
16		
4		
21		
45		
1		
10		
32		
49		
29		
6		
5		
42		
49		
14		
42		
39		
4		
4		
39		
19		
28		
9		
11		
3		
16		
9		
21		
46		
10		
43		
6		
20		
17		
2		
31		
42		
15		
11		
5		
11		
12		
40		
5		
9		
33		
47		
1		
31		
4		
24		
16		
42		
10		
27		
31		
2		
9		
7		
15		
47		
31		
20		
6		
20		
8		
45		
24		
40		
11		
21		
16		
7		
6		
32		
3		
26		
49		
22		
7		
16		
11		
33		
40		
21		
10		
9		
15		
17		
8		
7		
10		
30		
5		
7		
8		
32		
43		
2		
41		
1		
43		
33		
46		
32		
19		
42		
13		
27		
7		
31		
5		
29		
16		
6		
40		
30		
19		
12		
1		
46		
33		
7		
17		
10		
23		
7		
28		
8		
31		
40		
33		
26		
12		
25		
12		
14		
16		
12		
5		
31		
30		
24		
26		
6		
47		
27		
23		
2		
27		
27		
32		
15		
18		
12		
12		
47		
1		
43		
44		
7		
3		
16		
33		
1		
33		
16		
46		
5		
13		
49		
15		
31		
45		
8		
13		
50		
25		
24		
13		
4		
5		
46		
6		
16		
30		
28		
3		
13		
22		
21		
16		
20		
22		
41		
22		
4		
33		
21		
32		
27		
16		
17		
7		
2		
17		
9		
30		
15		
10		
12		
3		
11		
24		
25		
19		
20		
47		
42		
11		
15		
46		
6		
50		
9		
30		
21		
26		
29		
45		
47		
20		
20		
43		
45		
46		
22		
23		
17		
31		
41		
21		
2		
10		
18		
12		
27		
22		
24		
40		
18		
1		
2		
4		
5		
20		
2		
15		
49		
43		
21		
20		
