99
5769 5800 1070
502 1389 7983
462 940 1840
5260 1612 5251
5919 2983 5259
5167 5745 8157
5136 5338 5038
7032 5630 6618
6287 3456 9495
3558 9332 955
926 2377 1568
4266 8124 9267
1762 7475 2810
4503 1411 2077
485 7154 896
4148 258 3498
8070 7145 7043
212 3998 3929
7167 4567 9549
439 7427 53
6811 1925 2451
9917 8945 1924
93 2438 3305
2148 9312 9865
3258 941 3798
553 1153 4214
2597 5713 7581
972 5442 9456
2825 2091 4866
2032 881 7212
4530 6730 8983
4727 7589 3580
4866 6478 7580
4796 436 967
9112 2211 5320
9314 1724 3027
3733 702 760
6844 9504 9702
8405 6091 8231
4539 2348 5892
5286 1061 4379
760 9570 6381
5286 4737 4734
2357 1945 1199
7964 3645 2934
2833 8500 5958
7836 503 1120
3037 6606 2650
5610 5100 1072
4344 4597 2212
7222 7708 3173
1029 6788 3081
4476 2910 1072
2972 4013 9273
6681 6320 2953
6372 8971 5031
9643 8677 1504
8978 5847 299
3142 9888 427
4487 137 3722
8061 4348 8925
7405 5332 8005
8675 1558 7524
4379 9981 3067
8761 689 9628
891 6083 3917
1172 7880 1661
1216 6261 2351
1288 5104 2765
3330 6889 6791
2415 3680 1699
4073 6717 170
9219 2695 9156
9875 7868 7760
1019 5189 2376
8568 4527 7055
5578 6669 2116
413 6214 4176
2239 3250 7131
6039 707 6785
3519 4941 6766
3144 8037 85
1462 6172 5841
8186 3425 9712
105 8508 3860
2441 9876 9732
5343 4606 2692
1401 4815 5576
4600 657 2749
3675 5318 2738
642 1129 3655
5770 4997 6326
2184 5710 5429
4190 5290 477
9257 2656 8217
4390 501 8269
2178 9540 9206
7890 5254 1213
3266 8307 2229
