23	23	23	23	0	455	338			
14	14	14	14	0	кратно 5	не кратно 3		Тогда ответ	
21	20	20	21	1				Если мы уберём единицу от 455, то прибавим к 388 единицу, получим, что оно будет кратно 3, а нам это не надо	
21	23	21	23	2				Тогда попробуем прибавить двойку, о, норм	
13	15	13	15	2				453	340
16	18	16	18	2					
11	13	11	13	2					
24	27	24	27	3					
22	19	19	22	3					
27	24	24	27	3					
22	18	18	22	4					
20	16	16	20	4					
13	21	13	21	8					
24	16	16	24	8					
29	20	20	29	9					
13	23	13	23	10					
30	17	17	30	13					
13	27	13	27	14					
16	30	16	30	14					
11	26	11	26	15					